Summary for 'res.fcm'

Number of data objects:  177 

Number of clusters:  4 

Crisp clustering vector:
  [1] 1 4 3 3 1 3 3 1 2 2 1 3 1 3 1 1 1 3 1 1 1 3 1 1 1 1 3 3 1 1 3 3 4 1 1 1 1 1 1 3 1 3 1 4 1 1 3 3 4 1 1 1 1 2 1 1
 [57] 3 1 1 1 3 1 1 3 1 4 1 3 1 1 1 3 1 3 1 1 3 1 1 1 3 1 1 3 4 1 2 1 1 1 4 1 1 3 3 3 1 1 3 1 3 2 3 1 3 1 2 3 1 3 1 2
[113] 1 1 1 1 1 1 1 3 1 1 1 1 1 4 1 1 1 3 1 1 1 3 3 1 1 1 3 2 1 1 2 1 3 4 4 1 3 4 3 3 1 4 1 3 1 4 4 1 1 3 2 2 1 3 3 4
[169] 1 1 1 1 3 1 1 4 1

Initial cluster prototypes:
          J_Penduduk J_P_DBD J_M_DBD IR_DBD CFR_DBD J_P_DD IR_DD J_P_N IR_Non X2017 X2018 X2019 X2020   ABJ Strata_E
Cluster 1       5206       1       0   19.3       0      3  58.0     0   0.00     0     0     1     1 94.72        2
Cluster 2      32786       4       0   12.2       0     42 127.9     5  15.23     7     4     3     4 97.15        1
Cluster 3       7790       1       0   13.3       0     10 133.1     1  13.31     0     0     0     1 86.92        2
Cluster 4      37160      14       0   37.3       0    100 266.7     8  21.33    11     2    26    14 93.79        1
          Tnh_pek_bang_hlmn Tanah.Sawah Tanah.Kering J_RT J_RW J_Pdd_Lk J_Pdd_Pr J_Kep_Kel J_KBPaud J_SD J_MI J_SMP
Cluster 1             69.40         0.0        79.80   41    6     2503     2651      1732        5    3    0     1
Cluster 2            217.90       278.5       278.50   28    1    16170    16563     10416       29    8    2     1
Cluster 3             65.33         0.0        75.56   57    7     3569     3842      2512       11    3    0     2
Cluster 4            285.04        12.0       449.00  292   32    18711    19130     11224       29    7    0     4
          J_MTS J_SMA J_MA J_SMK J_Siswa J_PT J_Dosen J_Mhs Mini_Market Toko.Kelontong Resto_RM WM_Kedai BPR KUD IRT
Cluster 1     1     0    0     1     680    1      16    73           1              0        0       13   0   0   0
Cluster 2     1     0    1     2    3388    2    2084 24022           7            167       11      219   4   0   0
Cluster 3     0     1    0     3    8281    0       0     0           4             80       13       92   2   0   0
Cluster 4     1     0    0     1    5142    0       0     0          16            204        4      116   3   0   0
          Total_T_Ibadah kop_total pasar_total instansi_kesehatan toko_obat
Cluster 1             25         1           1                  2         7
Cluster 2            166         4           3                 10        25
Cluster 3             34         0           0                  3         7
Cluster 4             90         0           2                  2        35

Final cluster prototypes:
          J_Penduduk   J_P_DBD     J_M_DBD   IR_DBD     CFR_DBD    J_P_DD    IR_DD     J_P_N   IR_Non    X2017
Cluster 1   5349.779 0.7781032 0.021678419 15.02266 0.638146629  6.998963 134.1652 0.4156673 7.615452 0.580844
Cluster 2   5553.845 1.1841472 0.000305924 18.75785 0.008986692 12.693190 197.5908 0.4658888 5.689931 1.305488
Cluster 3  13506.884 2.9132381 0.000640076 21.77489 0.005835153 23.286695 171.2725 1.2787036 9.652152 2.820064
Cluster 4  22909.673 5.5313174 0.154769252 24.36979 0.678612616 38.544556 169.7762 1.1129395 4.803526 5.099315
              X2018     X2019     X2020      ABJ Strata_E Tnh_pek_bang_hlmn Tanah.Sawah Tanah.Kering      J_RT
Cluster 1 0.2215209 0.8886431 0.7781032 94.31211 2.264043          61.87749   44.164676     165.0774  32.74327
Cluster 2 0.5115753 1.7152965 1.1841472 92.82933 2.504051          72.71505    4.461481     105.9312  29.17742
Cluster 3 0.9845225 4.1073983 2.9132381 93.88985 1.630270         105.54863   33.824438     162.1542  70.36990
Cluster 4 1.4175042 8.0724061 5.5313174 92.54970 1.310419         193.74228   24.574740     258.5556 125.89036
               J_RW  J_Pdd_Lk  J_Pdd_Pr J_Kep_Kel  J_KBPaud     J_SD      J_MI     J_SMP      J_MTS     J_SMA
Cluster 1  7.057646  2660.929  2733.705  1755.434  4.989860 2.315998 0.3996580 0.8264263 0.23164442 0.3635834
Cluster 2 13.444950  2726.560  2826.795  1797.436  6.566417 1.800711 0.2906331 1.5386554 0.01487754 0.8713556
Cluster 3 11.174005  6718.624  6837.509  4267.528 10.389247 3.376218 0.7040275 1.0349111 0.21660157 0.4431554
Cluster 4 15.197074 11540.329 11645.792  7191.214 17.448808 4.963350 0.8311697 1.5786166 0.30458399 0.5008597
                J_MA     J_SMK  J_Siswa      J_PT    J_Dosen      J_Mhs Mini_Market Toko.Kelontong Resto_RM WM_Kedai
Cluster 1 0.16606321 0.3325021 1127.222 0.2011384   7.404596   204.3321    2.590072       35.16958 4.569390 26.55644
Cluster 2 0.01170207 0.6206814 1500.745 1.9104295 501.807812 16606.0624    4.851901       59.12969 7.987960 67.21775
Cluster 3 0.12563735 0.5696454 1645.148 0.2949592  20.805688   498.1954    4.047274       76.02711 4.581415 49.63005
Cluster 4 0.27172785 0.6647910 2336.099 0.3558307  56.207034  1184.5663    6.520457      110.62988 4.955069 67.04327
                BPR         KUD         IRT Total_T_Ibadah kop_total pasar_total instansi_kesehatan toko_obat
Cluster 1 0.2800562 0.031876390 0.000146903       24.13854 0.6257909   0.3958368           1.082790  3.668854
Cluster 2 0.4292249 0.000636615 0.083578596       26.36557 1.0000696   0.3844908           2.067788  5.110169
Cluster 3 0.4637149 0.055017739 0.000489174       46.79615 1.0164941   0.7349942           1.806448  4.184463
Cluster 4 0.4665024 0.058658504 0.000706984       67.59585 2.3913857   0.8216977           2.478373  6.621572

Distance between the final cluster prototypes
          Cluster 1 Cluster 2 Cluster 3
Cluster 2 269468671                    
Cluster 3 106517792 361098878          
Cluster 4 498638416 724547534 144301133

Difference between the initial and final cluster prototypes
           J_Penduduk    J_P_DBD     J_M_DBD     IR_DBD     CFR_DBD     J_P_DD     IR_DD      J_P_N     IR_Non
Cluster 1    143.7789 -0.2218968 0.021678419  -4.277343 0.638146629   3.998963  76.16515  0.4156673   7.615452
Cluster 2 -27232.1547 -2.8158528 0.000305924   6.557846 0.008986692 -29.306810  69.69077 -4.5341112  -9.540069
Cluster 3   5716.8844  1.9132381 0.000640076   8.474888 0.005835153  13.286695  38.17250  0.2787036  -3.657848
Cluster 4 -14250.3266 -8.4686826 0.154769252 -12.930210 0.678612616 -61.455444 -96.92384 -6.8870605 -16.526474
              X2017      X2018       X2019      X2020        ABJ   Strata_E Tnh_pek_bang_hlmn Tanah.Sawah
Cluster 1  0.580844  0.2215209  -0.1113569 -0.2218968 -0.4078927  0.2640431         -7.522513    44.16468
Cluster 2 -5.694512 -3.4884247  -1.2847035 -2.8158528 -4.3206707  1.5040506       -145.184951  -274.03852
Cluster 3  2.820064  0.9845225   4.1073983  1.9132381  6.9698491 -0.3697297         40.218634    33.82444
Cluster 4 -5.900685 -0.5824958 -17.9275939 -8.4686826 -1.2402964  0.3104187        -91.297723    12.57474
          Tanah.Kering        J_RT       J_RW    J_Pdd_Lk     J_Pdd_Pr   J_Kep_Kel     J_KBPaud       J_SD       J_MI
Cluster 1     85.27737   -8.256735   1.057646    157.9286     82.70481    23.43429  -0.01014012 -0.6840020  0.3996580
Cluster 2   -172.56877    1.177421  12.444950 -13443.4399 -13736.20548 -8618.56364 -22.43358320 -6.1992895 -1.7093669
Cluster 3     86.59418   13.369896   4.174005   3149.6244   2995.50859  1755.52823  -0.61075343  0.3762179  0.7040275
Cluster 4   -190.44442 -166.109636 -16.802926  -7170.6712  -7484.20833 -4032.78550 -11.55119239 -2.0366504  0.8311697
               J_SMP      J_MTS      J_SMA       J_MA      J_SMK    J_Siswa        J_PT      J_Dosen      J_Mhs
Cluster 1 -0.1735737 -0.7683556  0.3635834  0.1660632 -0.6674979   447.2223 -0.79886164    -8.595404   131.3321
Cluster 2  0.5386554 -0.9851225  0.8713556 -0.9882979 -1.3793186 -1887.2552 -0.08957052 -1582.192188 -7415.9376
Cluster 3 -0.9650889  0.2166016 -0.5568446  0.1256373 -2.4303546 -6635.8519  0.29495921    20.805688   498.1954
Cluster 4 -2.4213834 -0.6954160  0.5008597  0.2717278 -0.3352090 -2805.9010  0.35583072    56.207034  1184.5663
          Mini_Market Toko.Kelontong   Resto_RM   WM_Kedai        BPR         KUD         IRT Total_T_Ibadah
Cluster 1  1.59007201      35.169579  4.5693897   13.55644  0.2800562 0.031876390 0.000146903     -0.8614649
Cluster 2 -2.14809933    -107.870309 -3.0120397 -151.78225 -3.5707751 0.000636615 0.083578596   -139.6344330
Cluster 3  0.04727371      -3.972889 -8.4185851  -42.36995 -1.5362851 0.055017739 0.000489174     12.7961530
Cluster 4 -9.47954286     -93.370119  0.9550694  -48.95673 -2.5334976 0.058658504 0.000706984    -22.4041470
           kop_total pasar_total instansi_kesehatan  toko_obat
Cluster 1 -0.3742091  -0.6041632         -0.9172100  -3.331146
Cluster 2 -2.9999304  -2.6155092         -7.9322122 -19.889831
Cluster 3  1.0164941   0.7349942         -1.1935519  -2.815537
Cluster 4  2.3913857  -1.1783023          0.4783728 -28.378428

Root Mean Squared Deviations (RMSD): 20505.59 
Mean Absolute Deviation (MAD): 1591955 

Membership degrees matrix (top and bottom 5 rows): 
    Cluster 1   Cluster 2   Cluster 3   Cluster 4
1 0.990455354 0.002086887 0.006225556 0.001232203
2 0.022579571 0.013319210 0.099800335 0.864300884
3 0.062636095 0.027426697 0.706561905 0.203375304
4 0.005805437 0.001670105 0.988062974 0.004461484
5 0.878271821 0.041619662 0.062129105 0.017979412
...
      Cluster 1   Cluster 2  Cluster 3  Cluster 4
173 0.284461497 0.054350269 0.61099687 0.05019137
174 0.688462434 0.055584510 0.21533982 0.04061324
175 0.808437158 0.044255542 0.12040597 0.02690133
176 0.003147657 0.002134029 0.01062014 0.98409817
177 0.714869313 0.035799202 0.22109097 0.02824052

Descriptive statistics for the membership degrees by clusters
          Size       Min        Q1      Mean    Median        Q3       Max
Cluster 1  102 0.4784797 0.8164906 0.8727078 0.9270972 0.9659844 0.9980658
Cluster 2   11 0.3905726 0.5179691 0.6554175 0.5748113 0.8420931 0.9471779
Cluster 3   48 0.4125249 0.7124175 0.8192314 0.8869157 0.9565939 0.9890093
Cluster 4   16 0.3480605 0.6564496 0.7540631 0.7631743 0.9053110 0.9840982

Dunn's Fuzziness Coefficients:
dunn_coeff normalized 
 0.7496800  0.6662401 

Within cluster sum of squares by cluster:
         1          2          3          4 
 883180898 2722978975  547646047 1593713369 
(between_SS / total_SS =  67.01%) 

Available components: 
 [1] "u"          "v"          "v0"         "d"          "x"          "cluster"    "csize"      "sumsqrs"   
 [9] "k"          "m"          "iter"       "best.start" "func.val"   "comp.time"  "inpargs"    "algorithm" 
[17] "call"      
$u
      Cluster 1    Cluster 2   Cluster 3    Cluster 4
1   0.990455354 0.0020868873 0.006225556 0.0012322027
2   0.022579571 0.0133192102 0.099800335 0.8643008842
3   0.062636095 0.0274266968 0.706561905 0.2033753040
4   0.005805437 0.0016701046 0.988062974 0.0044614839
5   0.878271821 0.0416196619 0.062129105 0.0179794118
6   0.309312479 0.0367219003 0.611141887 0.0428237335
7   0.090670204 0.0171252607 0.864669126 0.0275354090
8   0.964604729 0.0076200106 0.023435198 0.0043400617
9   0.027243688 0.9471779079 0.017389910 0.0081884940
10  0.325066939 0.4666123736 0.158307926 0.0500127613
11  0.966444345 0.0096347985 0.019182009 0.0047388469
12  0.063635625 0.0276280321 0.714369408 0.1943669350
13  0.601694852 0.0402631382 0.322484061 0.0355579490
14  0.018051374 0.0049982974 0.965554942 0.0113953860
15  0.813730912 0.0779096246 0.085646176 0.0227132866
16  0.894535750 0.0353910758 0.054575899 0.0154972757
17  0.706181325 0.0348361907 0.229984965 0.0289975194
18  0.034357642 0.0126998186 0.897003011 0.0559395283
19  0.991191851 0.0019401539 0.005727707 0.0011402884
20  0.980537791 0.0052565682 0.011504180 0.0027014612
21  0.878412950 0.0448893292 0.059766496 0.0169312242
22  0.069436103 0.0143701507 0.893280969 0.0229127768
23  0.976612341 0.0064428945 0.013679449 0.0032653158
24  0.923025882 0.0246472796 0.041152260 0.0111745778
25  0.560770664 0.0464246259 0.354747442 0.0380572674
26  0.802795121 0.0278204951 0.148121596 0.0212627876
27  0.046496540 0.0206591915 0.830728266 0.1021160021
28  0.090171613 0.0235515725 0.841227998 0.0450488161
29  0.949467414 0.0116440255 0.032169322 0.0067192388
30  0.500337857 0.0421117122 0.416161382 0.0413890492
31  0.049318555 0.0198224287 0.822135493 0.1087235237
32  0.057357477 0.0245810085 0.746998551 0.1710629636
33  0.056968151 0.0363353002 0.249519996 0.6571765526
34  0.868336596 0.0217648397 0.094551624 0.0153469407
35  0.875677268 0.0198591128 0.090304862 0.0141587574
36  0.947565703 0.0157092374 0.029222713 0.0075023470
37  0.993683998 0.0014172390 0.004075713 0.0008230499
38  0.844705113 0.0233198392 0.114782975 0.0171920718
39  0.926125600 0.0238783111 0.039396475 0.0105996143
40  0.073376517 0.0151954787 0.885277169 0.0261508352
41  0.853854886 0.0515136569 0.072846909 0.0217845489
42  0.092553455 0.0171342694 0.863195947 0.0271163288
43  0.906734930 0.0307118213 0.048917974 0.0136352745
44  0.029722352 0.0179290678 0.137999470 0.8143491101
45  0.986540588 0.0031886993 0.008479889 0.0017908231
46  0.926198020 0.0131011629 0.051917265 0.0087835520
47  0.424587726 0.0462079020 0.481062500 0.0481418721
48  0.238702979 0.0327761272 0.687086375 0.0414345194
49  0.036619435 0.0205479320 0.187144423 0.7556882100
50  0.930692152 0.0217570983 0.037526405 0.0100243440
51  0.917058283 0.0266082025 0.044261702 0.0120718117
52  0.981809218 0.0048539867 0.010819746 0.0025170492
53  0.933755470 0.0193730378 0.037535175 0.0093363177
54  0.061145020 0.8870429610 0.036038121 0.0157738977
55  0.824769691 0.0577472840 0.091160591 0.0263224341
56  0.961080631 0.0113908267 0.022003995 0.0055245477
57  0.140550762 0.0230814785 0.803164934 0.0332028260
58  0.812140739 0.0265203764 0.141152960 0.0201859249
59  0.884726609 0.0389934372 0.059276150 0.0170038034
60  0.803365351 0.0332693996 0.139723777 0.0236414725
61  0.005354094 0.0015699718 0.988757392 0.0043185418
62  0.879589401 0.0410415401 0.061575116 0.0177939426
63  0.985852549 0.0038491312 0.008335071 0.0019632491
64  0.209141353 0.2522508524 0.412524909 0.1260828854
65  0.799820457 0.0311044923 0.146149522 0.0229255293
66  0.034861069 0.0196613216 0.175333115 0.7701444948
67  0.954784711 0.0133835973 0.025389744 0.0064419481
68  0.008462092 0.0026377102 0.980806130 0.0080940678
69  0.939055840 0.0186358447 0.033541394 0.0087669213
70  0.963085092 0.0105196773 0.021183442 0.0052117885
71  0.957694998 0.0087164930 0.028374558 0.0052139516
72  0.027135873 0.0097519992 0.922796894 0.0403152343
73  0.708527182 0.0353880575 0.226769440 0.0293153209
74  0.026089604 0.0092798736 0.927218609 0.0374119134
75  0.977815596 0.0061856621 0.012897593 0.0031011494
76  0.979343020 0.0046369353 0.013315388 0.0027046568
77  0.045402250 0.0096188577 0.927654050 0.0173248418
78  0.985264022 0.0033968591 0.009393303 0.0019458159
79  0.931285746 0.0207874818 0.038050253 0.0098765197
80  0.961568854 0.0075248691 0.026141994 0.0047642828
81  0.279963357 0.0350711011 0.642830654 0.0421348877
82  0.953107308 0.0095526633 0.031399284 0.0059407447
83  0.983960461 0.0039033684 0.009976650 0.0021595200
84  0.066410820 0.0360739740 0.562532160 0.3349830452
85  0.018846180 0.0113127491 0.079340787 0.8905002837
86  0.904930583 0.0163223277 0.067556375 0.0111907149
87  0.280381506 0.5499187805 0.126184956 0.0435147576
88  0.934252247 0.0120070100 0.045818381 0.0079223624
89  0.995840715 0.0010413763 0.002557290 0.0005606189
90  0.517754596 0.0940633618 0.312967039 0.0752150024
91  0.090516503 0.0749949072 0.180220026 0.6542685638
92  0.956815341 0.0127505942 0.024287676 0.0061463884
93  0.950808738 0.0094196951 0.033725631 0.0060459362
94  0.014196393 0.0040803396 0.971063281 0.0106599871
95  0.005874913 0.0016064399 0.988575508 0.0039431391
96  0.019116968 0.0062723571 0.953606884 0.0210037909
97  0.959962594 0.0116543245 0.022702746 0.0056803355
98  0.998065778 0.0004814122 0.001191706 0.0002611036
99  0.119653038 0.0318858728 0.785771158 0.0626899313
100 0.992013822 0.0018638964 0.005064948 0.0010573333
101 0.133533233 0.1087772201 0.555446939 0.2022426077
102 0.325235048 0.5106371021 0.119582401 0.0445454483
103 0.029979788 0.0110067372 0.910959337 0.0480541377
104 0.947699272 0.0101244379 0.035712937 0.0064633528
105 0.010775158 0.0033129676 0.976086052 0.0098258234
106 0.994682059 0.0012896305 0.003315472 0.0007128385
107 0.109125156 0.6733317506 0.132788692 0.0847544012
108 0.013000114 0.0042909582 0.967981765 0.0147271622
109 0.478479689 0.0410330213 0.439412386 0.0410749039
110 0.035737497 0.0140856053 0.883936092 0.0662408061
111 0.931201967 0.0210049880 0.037891902 0.0099011433
112 0.068041633 0.8744941413 0.039207925 0.0182563011
113 0.982055547 0.0041175462 0.011463705 0.0023632023
114 0.904638248 0.0160705404 0.068187601 0.0111036110
115 0.987575639 0.0027454969 0.008065890 0.0016129742
116 0.839620614 0.0576046660 0.078754107 0.0240206134
117 0.735492847 0.0573795464 0.170739131 0.0363884760
118 0.973365106 0.0053872990 0.017908313 0.0033392820
119 0.949702828 0.0145565292 0.028603521 0.0071371217
120 0.021832320 0.0079060952 0.947580372 0.0226812132
121 0.989556438 0.0027325461 0.006278437 0.0014325788
122 0.638872432 0.0392559739 0.287468914 0.0344026798
123 0.534682958 0.0416696261 0.383826576 0.0398208402
124 0.842050503 0.0564565422 0.077877633 0.0236153221
125 0.986800197 0.0030636057 0.008389311 0.0017468857
126 0.003483486 0.0022458547 0.012382370 0.9818882895
127 0.984304081 0.0042989689 0.009214245 0.0021827059
128 0.984757532 0.0039497120 0.009201747 0.0020910092
129 0.620652165 0.0392318242 0.305121381 0.0349946299
130 0.060148206 0.0256845396 0.744956584 0.1692106699
131 0.859701124 0.0490444226 0.070373267 0.0208811856
132 0.807552610 0.0281815468 0.143088129 0.0211777138
133 0.957025548 0.0127805970 0.024102825 0.0060910305
134 0.034377379 0.0129218036 0.892886847 0.0598139707
135 0.058018393 0.0125949191 0.906428272 0.0229584157
136 0.837717355 0.0252258956 0.119092198 0.0179645513
137 0.943511720 0.0177583794 0.030694780 0.0080351204
138 0.732476381 0.0331072290 0.207418190 0.0269982006
139 0.037405172 0.0156960745 0.888554167 0.0583445862
140 0.152192878 0.5748113016 0.188292960 0.0847028611
141 0.680783976 0.0395594156 0.246805677 0.0328509310
142 0.542024907 0.0410507528 0.377977652 0.0389466881
143 0.166327092 0.5253011379 0.166566008 0.1418057620
144 0.912451208 0.0277103594 0.047112524 0.0127259083
145 0.010711168 0.0027208150 0.980495316 0.0060727015
146 0.009433373 0.0059619062 0.034861441 0.9497432798
147 0.116899820 0.1012465605 0.209982724 0.5718708953
148 0.723190741 0.0355572762 0.213787889 0.0274640943
149 0.005674029 0.0015412275 0.989009275 0.0037754684
150 0.056150950 0.0351431099 0.192606222 0.7160997187
151 0.013641633 0.0043417991 0.968251957 0.0137646107
152 0.453352866 0.0418389458 0.462153557 0.0426546310
153 0.955210502 0.0085639225 0.030727498 0.0054980775
154 0.140568977 0.2577178785 0.253652614 0.3480605304
155 0.927996344 0.0228658594 0.038708103 0.0104296932
156 0.317928362 0.0370142301 0.602310643 0.0427467658
157 0.995482336 0.0011531810 0.002749490 0.0006149930
158 0.009924120 0.0068743523 0.029725001 0.9534765271
159 0.060387030 0.0475509856 0.135857949 0.7562040362
160 0.824946688 0.0291678573 0.126741122 0.0191443330
161 0.860692193 0.0250252828 0.097427642 0.0168548823
162 0.015363667 0.0045585138 0.967456495 0.0126213244
163 0.210408226 0.3905725559 0.206954646 0.1920645714
164 0.099105727 0.8096920375 0.059928566 0.0312736699
165 0.813543739 0.0690987647 0.089221015 0.0281364817
166 0.408153429 0.0405020115 0.508269204 0.0430753559
167 0.034221979 0.0128346918 0.893688764 0.0592545644
168 0.151952359 0.2167842037 0.234123809 0.3971396282
169 0.625269683 0.0386159775 0.301743510 0.0343708300
170 0.933831600 0.0205558540 0.036060547 0.0095519989
171 0.841217511 0.0239935096 0.117115439 0.0176735410
172 0.994516241 0.0013526549 0.003391949 0.0007391554
173 0.284461497 0.0543502687 0.610996867 0.0501913676
174 0.688462434 0.0555845100 0.215339819 0.0406132369
175 0.808437158 0.0442555416 0.120405966 0.0269013337
176 0.003147657 0.0021340290 0.010620140 0.9840981740
177 0.714869313 0.0357992019 0.221090966 0.0282405184

$v
          J_Penduduk   J_P_DBD      J_M_DBD   IR_DBD     CFR_DBD    J_P_DD    IR_DD     J_P_N   IR_Non    X2017
Cluster 1   5349.779 0.7781032 0.0216784191 15.02266 0.638146629  6.998963 134.1652 0.4156673 7.615452 0.580844
Cluster 2   5553.845 1.1841472 0.0003059242 18.75785 0.008986692 12.693190 197.5908 0.4658888 5.689931 1.305488
Cluster 3  13506.884 2.9132381 0.0006400764 21.77489 0.005835153 23.286695 171.2725 1.2787036 9.652152 2.820064
Cluster 4  22909.673 5.5313174 0.1547692519 24.36979 0.678612616 38.544556 169.7762 1.1129395 4.803526 5.099315
              X2018     X2019     X2020      ABJ Strata_E Tnh_pek_bang_hlmn Tanah.Sawah Tanah.Kering      J_RT
Cluster 1 0.2215209 0.8886431 0.7781032 94.31211 2.264043          61.87749   44.164676     165.0774  32.74327
Cluster 2 0.5115753 1.7152965 1.1841472 92.82933 2.504051          72.71505    4.461481     105.9312  29.17742
Cluster 3 0.9845225 4.1073983 2.9132381 93.88985 1.630270         105.54863   33.824438     162.1542  70.36990
Cluster 4 1.4175042 8.0724061 5.5313174 92.54970 1.310419         193.74228   24.574740     258.5556 125.89036
               J_RW  J_Pdd_Lk  J_Pdd_Pr J_Kep_Kel  J_KBPaud     J_SD      J_MI     J_SMP      J_MTS     J_SMA
Cluster 1  7.057646  2660.929  2733.705  1755.434  4.989860 2.315998 0.3996580 0.8264263 0.23164442 0.3635834
Cluster 2 13.444950  2726.560  2826.795  1797.436  6.566417 1.800711 0.2906331 1.5386554 0.01487754 0.8713556
Cluster 3 11.174005  6718.624  6837.509  4267.528 10.389247 3.376218 0.7040275 1.0349111 0.21660157 0.4431554
Cluster 4 15.197074 11540.329 11645.792  7191.214 17.448808 4.963350 0.8311697 1.5786166 0.30458399 0.5008597
                J_MA     J_SMK  J_Siswa      J_PT    J_Dosen      J_Mhs Mini_Market Toko.Kelontong Resto_RM WM_Kedai
Cluster 1 0.16606321 0.3325021 1127.222 0.2011384   7.404596   204.3321    2.590072       35.16958 4.569390 26.55644
Cluster 2 0.01170207 0.6206814 1500.745 1.9104295 501.807812 16606.0624    4.851901       59.12969 7.987960 67.21775
Cluster 3 0.12563735 0.5696454 1645.148 0.2949592  20.805688   498.1954    4.047274       76.02711 4.581415 49.63005
Cluster 4 0.27172785 0.6647910 2336.099 0.3558307  56.207034  1184.5663    6.520457      110.62988 4.955069 67.04327
                BPR          KUD          IRT Total_T_Ibadah kop_total pasar_total instansi_kesehatan toko_obat
Cluster 1 0.2800562 0.0318763899 0.0001469033       24.13854 0.6257909   0.3958368           1.082790  3.668854
Cluster 2 0.4292249 0.0006366149 0.0835785962       26.36557 1.0000696   0.3844908           2.067788  5.110169
Cluster 3 0.4637149 0.0550177387 0.0004891736       46.79615 1.0164941   0.7349942           1.806448  4.184463
Cluster 4 0.4665024 0.0586585043 0.0007069843       67.59585 2.3913857   0.8216977           2.478373  6.621572

$v0
          J_Penduduk J_P_DBD J_M_DBD IR_DBD CFR_DBD J_P_DD IR_DD J_P_N IR_Non X2017 X2018 X2019 X2020   ABJ Strata_E
Cluster 1       5206       1       0   19.3       0      3  58.0     0   0.00     0     0     1     1 94.72        2
Cluster 2      32786       4       0   12.2       0     42 127.9     5  15.23     7     4     3     4 97.15        1
Cluster 3       7790       1       0   13.3       0     10 133.1     1  13.31     0     0     0     1 86.92        2
Cluster 4      37160      14       0   37.3       0    100 266.7     8  21.33    11     2    26    14 93.79        1
          Tnh_pek_bang_hlmn Tanah.Sawah Tanah.Kering J_RT J_RW J_Pdd_Lk J_Pdd_Pr J_Kep_Kel J_KBPaud J_SD J_MI J_SMP
Cluster 1             69.40         0.0        79.80   41    6     2503     2651      1732        5    3    0     1
Cluster 2            217.90       278.5       278.50   28    1    16170    16563     10416       29    8    2     1
Cluster 3             65.33         0.0        75.56   57    7     3569     3842      2512       11    3    0     2
Cluster 4            285.04        12.0       449.00  292   32    18711    19130     11224       29    7    0     4
          J_MTS J_SMA J_MA J_SMK J_Siswa J_PT J_Dosen J_Mhs Mini_Market Toko.Kelontong Resto_RM WM_Kedai BPR KUD IRT
Cluster 1     1     0    0     1     680    1      16    73           1              0        0       13   0   0   0
Cluster 2     1     0    1     2    3388    2    2084 24022           7            167       11      219   4   0   0
Cluster 3     0     1    0     3    8281    0       0     0           4             80       13       92   2   0   0
Cluster 4     1     0    0     1    5142    0       0     0          16            204        4      116   3   0   0
          Total_T_Ibadah kop_total pasar_total instansi_kesehatan toko_obat
Cluster 1             25         1           1                  2         7
Cluster 2            166         4           3                 10        25
Cluster 3             34         0           0                  3         7
Cluster 4             90         0           2                  2        35

$d
       Cluster 1  Cluster 2    Cluster 3  Cluster 4
1       582467.7  276444369   92667741.8  468192654
2    383913559.6  650834651   86859463.2   10029613
3    210030190.0  479659325   18618992.6   64685685
4    109552099.2  380813184     643681.5  142552982
5     13800743.1  291227829  195090589.7  674149072
6     36827693.0  310203583   18639313.2  266003548
7     63506604.9  336237615    6659376.0  209118260
8      1993875.6  252401458   82068935.6  443150794
9    234183961.7    6735836  366881415.4  779146301
10    81413051.6   56716652  167172245.6  529158775
11     2793372.7  280196748  140738083.0  569682721
12   207133529.7  477090497   18451338.3   67815401
13    19101690.5  285456856   35640176.5  323229803
14    99210552.2  358299375    1854774.6  157158944
15    16158784.1  168771216  153525850.9  578907946
16    11450529.5  289420645  187681892.4  660948942
17    14223633.4  288334174   43674438.8  346390467
18   158534644.3  428894039    6072305.7   97370798
19      540958.4  276366515   93614004.0  470226300
20     1493886.7  278663254  127328713.1  542229659
21    12590830.5  246382576  185052651.0  653227933
22    66657534.9  322087051    5181392.7  202002555
23     1841273.1  279099711  131453394.6  550700174
24     7611162.4  285033481  170714800.6  628685934
25    21450399.7  259102894   33907939.8  316069853
26     9872830.6  284892852   53509146.7  372757343
27   178765121.3  402337120   10005629.9   81397229
28    91312387.9  349606606    9787816.6  182774733
29     3410101.1  278063623  100648063.0  481867068
30    25213024.7  299561098   30312833.7  304791509
31   180526350.6  449152767   10829478.6   81889350
32   201514342.6  470214807   15473061.0   67567835
33   352772641.4  553093140   80541862.7   30580527
34     7091607.3  282928899   65127407.4  401246232
35     6386979.1  281630530   61933901.5  395015769
36     4683209.7  282486591  151856158.3  591501423
37      394095.4  276316345   96082889.8  475798993
38     7808454.6  282842497   57463587.6  383656003
39     7117550.7  276055785  167318166.8  621885451
40    70799943.8  341881517    5868278.9  198657261
41    17893360.6  296588018  209732075.7  701338065
42    61793361.5  333786574    6625597.7  210913105
43     9731813.6  287321785  180387177.7  647157878
44   365145658.2  605329166   78645140.1   13327193
45      893101.6  276313618  103902419.9  491997800
46     3945394.0  278923035   70385374.8  416029429
47    33208680.3  305142571   29310116.7  292884290
48    43518665.6  316939065   15118965.4  250709681
49   340727035.5  607225655   66671671.2   16511084
50     6650818.3  284498617  164946905.3  617483236
51     8309767.3  286398186  172170082.3  631267382
52     1377229.4  278570294  124973038.9  537207021
53     5654872.1  272557550  140675186.7  565562129
54   188861055.7   13018437  320436044.0  732090017
55    20712969.3  295830871  187399282.9  649006443
56     3328001.9  280794209  145358976.4  578957475
57    53513481.6  325861300    9364652.6  226527724
58     9273771.4  283993237   53357772.6  373111839
59    12839655.5  291320429  191638371.3  668061407
60    11802501.4  284998251   67860466.3  401063034
61   112242475.2  382781883     607789.9  139157332
62    13631569.4  292147516  194724505.6  673835151
63     1084614.7  277795198  128285665.6  544643139
64   152040375.1  126056778   77081235.6  252198620
65    11067775.3  284596611   60569702.8  386129933
66   345326808.5  612291576   68660512.8   15631432
67     3946482.5  281541730  148408000.4  584922617
68   122684023.7  393585115    1058479.8  128262263
69     5626785.0  283532373  157532667.9  602704770
70     3065274.7  280628413  139359802.3  566431343
71     2398637.9  263542175   80958566.3  440580143
72   151596861.3  421832802    4457875.0  102038677
73    14456139.5  289435717   45167319.7  349392995
74   149264376.1  419644564    4199924.9  104091135
75     1759984.6  278214415  133431129.2  554936305
76     1315692.3  277880541   96768799.2  476405761
77    73004465.5  344590502    3573063.7  191318745
78      957016.1  277583924  100381462.5  484585154
79     6304778.5  282456068  154310417.1  594495892
80     2174829.2  277911550   79995734.2  438942886
81    39087003.1  312021244   17023034.8  259711826
82     2798546.0  279222099   84948265.4  448986584
83     1103027.5  278051001  108787564.2  502581812
84   241612665.3  444799769   28524049.7   47900022
85   400786298.9  667679509   95200602.6    8482076
86     5060025.4  280534236   67780009.7  409175980
87    93467332.2   47655240  207683326.7  602244222
88     3579154.4  278490072   72980166.6  422075249
89      287036.0  274484999  111775412.2  509868960
90    59815518.0  329243595   98955338.7  411749763
91  1251521595.5 1510547343  628583627.2  173145042
92     3748536.9  281293369  147673970.0  583539038
93     2752528.0  277835706   77600554.2  432873839
94   108939025.7  379022659    1592626.6  145079085
95   101756216.3  372132748     604717.5  151607353
96   132390378.2  403501037    2654031.4  120497418
97     3411456.3  281000453  144249972.0  576527643
98      133386.7  276537748  111712694.0  509869089
99    97683304.1  366560581   14874692.1  186443083
100     520544.4  277047178  101953114.1  488386454
101  202207284.5  248226536   48612010.7  133509911
102  101435921.0   64606580  275881034.8  740603539
103  156595253.5  426528991    5153569.8   97695906
104    2967790.8  277800427   78755023.0  435156996
105  120057261.8  390476479    1325329.8  131656744
106     359047.5  276930586  107718648.9  501008489
107  380192448.2   61616819  312440462.0  489515113
108  133161605.5  403433464    1788376.8  117545804
109   25675611.4  299399318   27958380.3  299094031
110  166105200.2  421436204    6715625.8   89615214
111    6375451.8  282639212  156678153.3  599610879
112  226939130.0   17657418  393831319.8  845807088
113    1159041.1  276437152   99291002.6  481652676
114    4975874.4  280100495   66014440.7  405396617
115     770125.8  277019961   94293055.5  471524877
116   20552664.9  299566725  219117984.1  718401353
117   22181844.2  284327583   95552716.4  448344903
118    1533211.4  277017193   83334170.5  446914773
119    4295971.6  280279479  142636162.6  571644506
120  129017248.6  356275220    2972566.6  124188498
121     764617.7  276896470  120512857.9  528161074
122   17992068.2  292812412   39985667.4  334120378
123   23177275.1  297398732   32286701.2  311206241
124   19978843.6  297984868  216020886.0  712384746
125     861597.0  277524005  101346115.8  486708485
126  481314079.8  746553546  135406289.4    1707578
127    1214179.7  278002025  129703748.5  547541486
128    1115717.5  278175023  119402465.3  525445428
129   18521062.3  293005427   37673982.0  328482897
130  199800783.4  467894652   16132025.6   71021873
131   16869983.3  295714433  206088819.1  694555560
132    9903589.0  283790993   55893310.0  377645540
133    3707686.2  277635733  147217202.6  582553377
134  162365838.2  431960749    6251309.4   93317864
135   75617386.6  348330883    4840095.4  191093293
136    8236428.9  273520495   57936620.2  384078584
137    5147948.9  273513142  158240264.4  604490031
138   13000477.1  287627286   45909871.4  352710263
139  155984177.8  371724473    6566414.6  100002681
140  213983490.9   56656442  172957944.6  384482447
141   16846133.8  289907669   46468047.7  349109679
142   22404817.2  295828168   32128801.5  311810055
143 1380275143.1  437039126 1378295323.8 1618955020
144    8656636.2  285047120  167657290.4  620683250
145   92479543.2  364068815    1010268.9  163117502
146  457490497.8  723875630  123795186.7    4544048
147 1644417396.8 1898653122  915466255.7  336145972
148   13282605.8  270151670   44931720.0  349760580
149  101218501.9  372635899     580699.0  152117997
150  438297920.1  700303543  127778034.0   34367901
151  126533100.7  397558260    1782715.8  125402610
152   27747722.7  300665071   27219328.7  294915448
153    2493491.5  278121305   77513934.9  433207659
154  696217325.0  379742988  385829089.3  281176831
155    7009598.6  284480096  168049616.8  623688705
156   36002607.1  309239173   19003897.8  267768793
157     320768.7  276903257  116137745.2  519224768
158  595552218.4  859765587  198833686.4    6198717
159  955032120.4 1212836125  424498924.7   76264540
160    8868753.5  250832578   57725927.8  382162640
161    8092322.1  278318472   71488936.6  413233292
162  114589348.3  386203191    1819733.1  139487150
163 3800754648.3 2047532610 3864180191.4 4163756171
164  339328532.9   41533570  561158116.3 1075326338
165   25922325.1  305200033  236367467.5  749523182
166   30167179.1  304005582   24225031.7  285844129
167  161983918.4  431908330    6202842.1   93552461
168 1778370115.9 1246527789 1154207831.6  680434575
169   18049491.8  292257266   37401964.4  328354015
170    6255440.0  284178294  161992205.9  611550272
171    8077524.1  283199701   58019291.4  384470479
172     376784.2  277024131  110472790.9  506954335
173   45796249.6  239690990   21321336.4  259551997
174   23995130.1  297200527   76714774.6  406757672
175   16014537.6  292545222  107525794.8  481267858
176  511009927.7  753731147  151456019.8    1634475
177   13762538.6  274822231   44499405.3  348379459

$x
    J_Penduduk J_P_DBD J_M_DBD IR_DBD CFR_DBD J_P_DD  IR_DD J_P_N IR_Non X2017 X2018 X2019 X2020   ABJ Strata_E
1         5894       3       0   50.7     0.0     13  219.7     1  16.90     0     0     1     3 95.19        2
2        20538       8       0   38.8     0.0     54  261.8     0   0.00     3     0     0     8 92.82        2
3        16701       0       0    0.0     0.0     16   94.4     0   0.00     6     3     3     0 97.55        2
4        13544       3       0   21.8     0.0     15  108.9     0   0.00     3     2     0     3 97.92        2
5         2464       0       0    0.0     0.0      1   40.9     0   0.00     0     0     1     0 97.76        2
6        10141       5       0   48.7     0.0      5   48.7     0   0.00     3     0     1     5 96.28        2
7        11584       4       0   34.4     0.0     33  283.5     1   8.59     3     1     6     4 92.01        1
8         6469       1       0   16.0     0.0      5   80.1     0   0.00     0     0     0     1 96.92        2
9         4048       3       0   73.1     0.0     14  341.2     0   0.00     1     0     4     3 92.13        2
10        5990       0       0    0.0     0.0     25  415.7     3  49.88     1     0     0     0 93.12        3
11        4209       0       0    0.0     0.0      2   47.5     0   0.00     1     0     0     0 93.68        3
12       16651       3       0   17.8     0.0     29  172.0     1   5.93     2     2     3     3 98.44        1
13        8887       1       0   11.3     0.0     21  237.2     2  22.59     2     0     2     1 89.91        2
14       13270       5       0   37.7     0.0     16  120.8     0   0.00     9     0     2     5 94.29        2
15        3987       0       0    0.0     0.0      5  125.5     2  50.20     0     1     0     0 91.69        2
16        2651       1       1   36.8    36.8      4  147.3     1  36.83     0     0     0     1 94.94        2
17        8360       0       0    0.0     0.0      3   36.3     0   0.00     2     1     2     0 95.40        2
18       15037       0       0    0.0     0.0      4   26.6     1   6.66     2     0     1     0 98.60        2
19        5852       0       0    0.0     0.0     19  319.5     2  33.64     4     0     1     0 96.91        2
20        4707       0       0    0.0     0.0      3   64.7     1  21.57     0     0     0     0 95.36        4
21        2858       0       0    0.0     0.0      3  105.7     0   0.00     0     0     0     0 90.16        3
    Tnh_pek_bang_hlmn Tanah.Sawah Tanah.Kering J_RT J_RW J_Pdd_Lk J_Pdd_Pr J_Kep_Kel J_KBPaud J_SD J_MI J_SMP J_MTS
1               19.94        0.00        61.33   34    5     2976     3054      1863        2    0    1     0     0
2              238.83        0.00       342.68  103   12    10650    10721      6801       14    5    2     1     0
3              100.00       79.00       105.51   94   11     8732     8522      5020        8    1    0     1     0
4               61.30        0.00        62.30   78    9     7015     6939      4144       13    2    3     2     1
5               22.78        0.00        25.10   24    4     1188     1291       879        4    3    0     2     0
6               87.07      123.51        88.57   54    8     5113     5196      3070        2    1    1     0     1
7              193.50        2.30       361.95   53   10     5829     5963      3732       13    4    0     0     0
8               25.52        0.00        39.52   47    7     2975     3176      2072        3    2    0     1     0
9               14.10        0.00        16.10    7   28     2013     2084      1283        5    0    0     0     0
10              52.90        0.00        59.34    5   30     2870     3072      1984        4    2    0     0     0
11              35.24        0.00        38.04    5   29     2005     2146      1399        2    1    0     0     0
12              72.92        0.00        93.05  146   22     8476     8603      5002       17    2    0     0     1
13              43.80        0.00        50.00   58    9     4202     4432      2841        7    3    1     1     0
14              55.80        0.00        79.70   63    8     6448     6652      4229        6    0    1     0     0
15              25.62        0.00        30.39   35    5     1939     2199      1492        7    1    0     1     0
16              97.42       61.02       241.28   18    5     1434     1384       908        5    1    0     1     0
17              53.80        0.00        67.80   68    7     3866     4239      2855        7    5    0     2     0
18              50.00        0.00        60.00   79   11     7696     8036      5094       11    3    1     1     0
19             120.28       49.00       254.95   42    7     2999     2988      1851        8    3    0     1     2
20              23.03        0.00        26.08   31    4     2226     2326      1554        4    1    1     0     0
21              20.40        0.00        27.50   25    3     1338     1498       960        2    2    0     0     0
    J_SMA J_MA J_SMK J_Siswa J_PT J_Dosen J_Mhs Mini_Market Toko.Kelontong Resto_RM WM_Kedai BPR KUD IRT
1       1    0     0    1067    0       0     0           2             99        0       36   0   0   0
2       0    0     0    1251    0       0     0           1            103        5       34   0   0   0
3       0    1     1     810    0       0     0           2             99        1       53   0   2   0
4       1    0     0    1137    0       0     0           1             15        0       20   0   0   0
5       0    0     0    1743    0       0     0           2             18        6       10   2   0   0
