Summary for 'res.fcm'

Number of data objects:  177 

Number of clusters:  7 

Crisp clustering vector:
  [1] 1 7 2 2 1 6 2 6 4 4 1 2 6 2 1 1 6 2 1 1 1 2 1 1 6 6 2 2 1 6 2 2 7 6 6 1 1 6 1 2 1 2 1 7 1 6 6 6 7 1 1 1 1 4 1 1 6 6 1 6 2 1 1
 [64] 2 6 7 1 2 1 1 6 2 6 2 1 1 2 1 1 6 6 6 1 2 7 6 4 6 1 6 5 1 6 2 2 2 1 1 2 1 2 4 2 6 2 1 4 2 6 2 1 4 1 6 1 1 6 6 1 2 1 6 6 1 1 7
[127] 1 1 6 2 1 6 1 2 2 6 1 6 2 4 6 6 3 1 2 7 5 6 2 7 2 6 6 7 1 6 1 7 5 6 6 2 3 4 1 6 2 5 6 1 6 1 6 6 1 7 6

Initial cluster prototypes:
          J_Penduduk J_P_DBD J_M_DBD IR_DBD CFR_DBD J_P_DD J_M_DD IR_DD CFR_DD J_P_N J_M_Non IR_Non CFR_Non X2017 X2018 X2019 X2020
Cluster 1       1799       0       0    0.0       0      2      0 105.7      0     1       0  52.85       0     1     0     0     0
Cluster 2      11584       4       0   34.4       0     33      0 283.5      0     1       0   8.59       0     3     1     6     4
Cluster 3       8694       2       0   22.8       0     15      0 171.0      0     0       0   0.00       0     0     0     5     2
Cluster 4      32786       4       0   12.2       0     42      0 127.9      0     5       0  15.23       0     7     4     3     4
Cluster 5      37160      14       0   37.3       0    100      0 266.7      0     8       0  21.33       0    11     2    26    14
Cluster 6       6349       0       0    0.0       0      2      0  31.2      0     0       0   0.00       0     0     0     1     0
Cluster 7      23137       3       0   12.9       0     12      0  51.4      0     1       0   4.29       0     1     1     4     3
            ABJ Strata_E Tnh_pek_bang_hlmn Tanah.Sawah Tanah.Kering J_RT J_RW J_Pdd_Lk J_Pdd_Pr J_Kep_Kel J_KBPaud J_SD J_MI J_SMP
Cluster 1 97.02        4             10.22       31.25       494.47   26    6     1027     1012       639        4    1    0     0
Cluster 2 92.01        1            193.50        2.30       361.95   53   10     5829     5963      3732       13    4    0     0
Cluster 3 87.73        2            108.60        5.00       108.60   32    7     4446     4360      2748        7    2    2     0
Cluster 4 97.15        1            217.90      278.50       278.50   28    1    16170    16563     10416       29    8    2     1
Cluster 5 93.79        1            285.04       12.00       449.00  292   32    18711    19130     11224       29    7    0     4
Cluster 6 95.65        2             63.54       69.79       563.02   29    5     3194     3178      2011        5    1    2     0
Cluster 7 95.36        1             58.19       47.00       108.03  130   16    11768    11765      7218       18    4    1     1
          J_MTS J_SMA J_MA J_SMK J_Siswa J_PT J_Dosen J_Mhs RS RSB Poli Puskesmas_RI Puskesmas_Rj Apotek K_Pertokoan Pasar_BP
Cluster 1     0     0    0     0     175    0       0     0  0   0    0            0            0      1           1        0
Cluster 2     0     1    0     0     747    0       0     0  0   0    1            0            0      4           1        1
Cluster 3     0     0    0     0     546    2    1148 37091  0   0    0            1            1      3           1        0
Cluster 4     1     0    1     2    3388    2    2084 24022  0   0    8            1            1     10          15        2
Cluster 5     1     0    0     1    5142    0       0     0  1   0    1            0            0      8          27        0
Cluster 6     0     0    0     0     107    0       0     0  0   0    0            0            0      0           1        0
Cluster 7     1     0    1     1    1234    1      17   694  0   0    1            1            0      4           2        1
          Pasar_BSP Pasar_TB Mini_Market Toko.Kelontong Resto_RM WM_Kedai Hotel Losmen_Wisma Bank_Pemerintah Bank_Swasta BPR KUD
Cluster 1         0        0           2             12        5        5     0            0               1           0   0   0
Cluster 2         0        0           5             34        2       52     0            2               0           0   0   0
Cluster 3         1        0           8             50        0       12   250            0               0           4   0   0
Cluster 4         0        1           7            167       11      219     2            1               7           1   4   0
Cluster 5         2        0          16            204        4      116     0            0               3           0   3   0
Cluster 6         1        0           1             25        0        5     0            0               0           0   0   0
Cluster 7         0        0           8            135        2       23     0            0               0           0   0   0
          IRT Kosipa Kop_Lainya BTS Masjid langgar majlis gereja kapel Total_T_Ibadah
Cluster 1   0      1          0   1      1       5      2      3     0             11
Cluster 2   0      2          0   1     12      19     13      2     0             46
Cluster 3   0      0          0  16      8      31     13      0     0             52
Cluster 4   0      4          0   3     23      81     58      2     1            166
Cluster 5   0      0          0   3     18      55     16      1     0             90
Cluster 6   0      1          0   0      3      18      0      0     0             21
Cluster 7   0      1          0   4     13      33      6      1     0             53

Final cluster prototypes:
          J_Penduduk   J_P_DBD     J_M_DBD   IR_DBD     CFR_DBD    J_P_DD J_M_DD    IR_DD CFR_DD     J_P_N J_M_Non    IR_Non
Cluster 1   4072.439 0.6474186 0.039074394 16.55011 1.156679540  5.047645      0 132.9956      0 0.2975920       0  7.230577
Cluster 2  14270.036 2.9148808 0.000358500 20.57719 0.001725791 24.671659      0 172.8250      0 1.2849580       0  9.082110
Cluster 3   5999.705 1.0885303 0.000012761 17.85991 0.000070505 16.047814      0 271.4802      0 0.9444198       0 16.233905
Cluster 4   4388.303 0.9172156 0.000103519 17.68561 0.001702186 10.215402      0 195.3038      0 0.3807687       0  5.663485
Cluster 5  33265.165 5.6283832 0.005887225 15.96673 0.023640242 48.133257      0 137.6961      0 2.6178181       0  7.088393
Cluster 6   8031.142 1.2158163 0.000158848 14.45160 0.004444183 10.641831      0 131.8788      0 0.7009009       0  8.378584
Cluster 7  21092.227 5.5793531 0.156052240 26.15365 0.711182102 38.291186      0 180.8165      0 1.0906844       0  5.334312
          CFR_Non     X2017     X2018     X2019     X2020      ABJ Strata_E Tnh_pek_bang_hlmn Tanah.Sawah Tanah.Kering      J_RT
Cluster 1       0 0.3239165 0.1209973 0.6150240 0.6474186 94.36982 2.347746          54.40867   48.465896    143.44478  26.66453
Cluster 2       0 3.0312820 1.0264312 4.2504431 2.9148808 94.05950 1.607882         107.46524   36.249268    156.35260  72.82208
Cluster 3       0 3.7258353 1.8653413 0.3752522 1.0885303 96.76023 1.995824         179.84065    4.766846    253.57725  37.64951
Cluster 4       0 1.0065548 0.2239934 1.3171008 0.9172156 92.20164 2.693936          55.78865    1.503771     82.01724  26.54947
Cluster 5       0 6.0638304 1.8092475 9.9994541 5.6283832 93.93041 1.012962         224.16179   97.104499    311.26495 132.49718
Cluster 6       0 1.2790507 0.4678829 1.7913430 1.2158163 93.46347 2.043195          75.43513   30.934354    184.74492  45.38343
Cluster 7       0 4.8521637 1.3117651 7.4514862 5.5793531 93.36238 1.393238         176.46760   13.853982    236.46600 125.88130
               J_RW  J_Pdd_Lk  J_Pdd_Pr J_Kep_Kel  J_KBPaud     J_SD      J_MI       J_SMP       J_MTS       J_SMA        J_MA
Cluster 1  5.970992  2022.454  2087.128  1353.224  4.093803 1.969128 0.3588453 0.653823977 0.156856848 0.284119589 0.128385619
Cluster 2 11.780233  7099.438  7230.162  4506.237 10.758569 3.451954 0.7993331 0.942867301 0.224576112 0.382372163 0.139235452
Cluster 3  7.921257  3032.069  3001.110  1888.473  8.024249 1.106816 0.1492305 0.006361047 0.003939083 0.003004671 0.003899660
Cluster 4 12.499019  2133.452  2241.648  1446.802  5.626695 1.439671 0.2200584 1.693297120 0.005005039 0.861316435 0.004256645
Cluster 5 14.259253 16685.940 16967.711 10328.680 23.074442 6.366888 0.3294387 2.308207434 0.340961599 0.017747854 0.037626049
Cluster 6  7.842550  3994.777  4085.490  2589.194  6.660526 3.080681 0.3702607 1.089271463 0.240354848 0.436115960 0.138536332
Cluster 7 15.471610 10628.957 10719.065  6628.256 16.544580 4.677047 0.8436910 1.602843365 0.301470365 0.627669194 0.300944550
                J_SMK   J_Siswa      J_PT     J_Dosen      J_Mhs         RS RSB      Poli Puskesmas_RI Puskesmas_Rj   Apotek
Cluster 1 0.247958387  896.4947 0.1618803    4.569956   126.2943 0.08453343   0 0.6870426   0.10010664   0.04249059 1.028751
Cluster 2 0.538657144 1580.9796 0.2762428   15.134998   351.3203 0.17436083   0 1.1935275   0.34141355   0.19483721 2.102059
Cluster 3 0.008410329  431.6781 1.9982013 2114.961700 59811.8401 0.92487681   0 0.9581104   0.07539002   0.07529783 2.110757
Cluster 4 0.708823031 1443.9447 2.0146912  392.339681 14086.5398 0.11951939   0 1.3763943   0.34872122   0.14821501 1.661337
Cluster 5 0.387569332 2869.4894 0.3337608   85.052346  1142.3763 0.31559635   0 1.6619551   0.04888173   0.04760568 4.182303
Cluster 6 0.413987284 1448.7837 0.2580070    9.774656   212.6460 0.16506960   0 0.8918907   0.18499325   0.08431323 1.480066
Cluster 7 0.767719035 2295.0629 0.2999605   22.969898   632.2291 0.10437148   0 1.6238259   0.32923802   0.51988832 2.363366
          K_Pertokoan   Pasar_BP   Pasar_BSP    Pasar_TB Mini_Market Toko.Kelontong Resto_RM  WM_Kedai      Hotel Losmen_Wisma
Cluster 1    3.016880 0.16300743 0.083607970 0.115513106    2.282108       29.26083 4.309173  23.28394  3.7238323    0.5363387
Cluster 2    2.089509 0.43831470 0.141553156 0.202015403    4.116889       75.81620 4.712016  50.67342  0.8521381    0.7775753
Cluster 3    1.979449 0.00804291 0.070176854 0.003955723    9.838873       28.48211 4.676552  93.38990 18.4630451    1.8528981
Cluster 4    3.746141 0.30603348 0.014352434 0.006309252    4.111487       58.22368 8.740808  55.66459  4.3384453    0.6622709
Cluster 5   10.062650 0.71367882 1.008991624 0.273836812    9.161697      136.71103 4.816361 106.19773  1.2405788    0.2854006
Cluster 6    2.100527 0.35928154 0.096916228 0.107585359    3.115426       46.20154 4.746924  33.29642  1.1166130    0.4962978
Cluster 7    2.935840 0.45859275 0.003520523 0.169432586    6.065867      112.45322 4.259001  60.69882  0.9384261    0.5029598
          Bank_Pemerintah Bank_Swasta        BPR         KUD         IRT     Kosipa  Kop_Lainya      BTS    Masjid   langgar
Cluster 1       1.3750291  1.28320027 0.26651158 0.019185626 0.000265249 0.51585620 0.077212196 1.778435  3.753373 11.411129
Cluster 2       0.8360692  0.69488222 0.39087118 0.069393212 0.000731026 0.96145885 0.007123581 2.798379  9.174866 25.734361
Cluster 3       4.6474748  0.28718248 0.01938253 0.000027326 0.000577531 0.01710797 0.000700972 4.839790  7.150781  9.030969
Cluster 4       1.4211210  0.41828851 0.43566176 0.000313007 0.041037378 0.69494915 0.207275407 1.913864  3.823033 12.485929
Cluster 5       1.4361039  0.07635704 1.09247475 0.002222893 0.000777190 0.17277372 0.005544973 1.373596 15.093271 47.943184
Cluster 6       0.7045461  0.43325725 0.34288024 0.037830657 0.000503529 0.67634743 0.049009108 2.180859  5.745705 16.644201
Cluster 7       1.2145889  0.32416706 0.30225828 0.058489187 0.001151441 2.66981681 0.097859201 3.754018 12.254185 33.108310
             majlis    gereja       kapel Total_T_Ibadah
Cluster 1  4.222027 0.9817690 0.297914950       20.70248
Cluster 2 11.289691 2.3380592 0.202977789       48.87952
Cluster 3  3.015659 0.0133533 0.004046715       19.21868
Cluster 4  4.580942 0.8918765 0.041649447       21.82610
Cluster 5 13.149655 2.9964291 0.037535614       79.25668
Cluster 6  5.940073 1.6745977 0.161029585       30.28723
Cluster 7 13.984212 3.1226214 0.218452195       62.69266

Distance between the final cluster prototypes
           Cluster 1  Cluster 2  Cluster 3  Cluster 4  Cluster 5  Cluster 6
Cluster 2  166689690                                                       
Cluster 3 3572944278 3650995533                                            
Cluster 4  195495113  345386087 2099024763                                 
Cluster 5 1374251809  583782826 4648365834 1511190822                      
Cluster 6   25398350   62169695 3564291190  214087932 1026630405           
Cluster 7  468342867   76280662 3877632686  631843053  238220472  275844813

Difference between the initial and final cluster prototypes
          J_Penduduk    J_P_DBD     J_M_DBD     IR_DBD     CFR_DBD     J_P_DD J_M_DD      IR_DD CFR_DD       J_P_N J_M_Non
Cluster 1   2273.439  0.6474186 0.039074394  16.550114 1.156679540   3.047645      0   27.29557      0 -0.70240799       0
Cluster 2   2686.036 -1.0851192 0.000358500 -13.822815 0.001725791  -8.328341      0 -110.67498      0  0.28495804       0
Cluster 3  -2694.295 -0.9114697 0.000012761  -4.940091 0.000070505   1.047814      0  100.48021      0  0.94441979       0
Cluster 4 -28397.697 -3.0827844 0.000103519   5.485613 0.001702186 -31.784598      0   67.40383      0 -4.61923126       0
Cluster 5  -3894.835 -8.3716168 0.005887225 -21.333269 0.023640242 -51.866743      0 -129.00393      0 -5.38218190       0
Cluster 6   1682.142  1.2158163 0.000158848  14.451600 0.004444183   8.641831      0  100.67882      0  0.70090088       0
Cluster 7  -2044.773  2.5793531 0.156052240  13.253655 0.711182102  26.291186      0  129.41647      0  0.09068437       0
               IR_Non CFR_Non       X2017       X2018      X2019      X2020        ABJ     Strata_E Tnh_pek_bang_hlmn  Tanah.Sawah
Cluster 1 -45.6194225       0 -0.67608348  0.12099735   0.615024  0.6474186 -2.6501817 -1.652253603          44.18867   17.2158955
Cluster 2   0.4921096       0  0.03128203  0.02643119  -1.749557 -1.0851192  2.0494969  0.607882186         -86.03476   33.9492677
Cluster 3  16.2339046       0  3.72583529  1.86534131  -4.624748 -0.9114697  9.0302330 -0.004176155          71.24065   -0.2331539
Cluster 4  -9.5665154       0 -5.99344521 -3.77600656  -1.682899 -3.0827844 -4.9483617  1.693935773        -162.11135 -276.9962288
Cluster 5 -14.2416073       0 -4.93616955 -0.19075250 -16.000546 -8.3716168  0.1404124  0.012961848         -60.87821   85.1044992
Cluster 6   8.3785837       0  1.27905072  0.46788288   0.791343  1.2158163 -2.1865336  0.043195089          11.89513  -38.8556462
Cluster 7   1.0443116       0  3.85216371  0.31176505   3.451486  2.5793531 -1.9976159  0.393238148         118.27760  -33.1460185
          Tanah.Kering         J_RT         J_RW    J_Pdd_Lk    J_Pdd_Pr  J_Kep_Kel     J_KBPaud       J_SD       J_MI        J_SMP
Cluster 1    -351.0252    0.6645257  -0.02900778    995.4541   1075.1278   714.2244   0.09380263  0.9691279  0.3588453  0.653823977
Cluster 2    -205.5974   19.8220785   1.78023348   1270.4381   1267.1622   774.2371  -2.24143127 -0.5480455  0.7993331  0.942867301
Cluster 3     144.9773    5.6495087   0.92125727  -1413.9310  -1358.8896  -859.5268   1.02424861 -0.8931840 -1.8507695  0.006361047
Cluster 4    -196.4828   -1.4505341  11.49901912 -14036.5477 -14321.3518 -8969.1982 -23.37330477 -6.5603290 -1.7799416  0.693297120
Cluster 5    -137.7351 -159.5028233 -17.74074714  -2025.0598  -2162.2894  -895.3202  -5.92555795 -0.6331122  0.3294387 -1.691792566
Cluster 6    -378.2751   16.3834282   2.84255001    800.7767    907.4904   578.1943   1.66052599  2.0806811 -1.6297393  1.089271463
Cluster 7     128.4360   -4.1186991  -0.52839017  -1139.0427  -1045.9354  -589.7441  -1.45542035  0.6770467 -0.1563090  0.602843365
                 J_MTS        J_SMA        J_MA        J_SMK    J_Siswa         J_PT      J_Dosen       J_Mhs          RS RSB
Cluster 1  0.156856848  0.284119589  0.12838562  0.247958387   721.4947  0.161880298     4.569956   126.29429  0.08453343   0
Cluster 2  0.224576112 -0.617627837  0.13923545  0.538657144   833.9796  0.276242841    15.134998   351.32030  0.17436083   0
Cluster 3  0.003939083  0.003004671  0.00389966  0.008410329  -114.3219 -0.001798702   966.961700 22720.84012  0.92487681   0
Cluster 4 -0.994994961  0.861316435 -0.99574335 -1.291176969 -1944.0553  0.014691183 -1691.660319 -9935.46017  0.11951939   0
Cluster 5 -0.659038401  0.017747854  0.03762605 -0.612430668 -2272.5106  0.333760833    85.052346  1142.37627 -0.68440365   0
Cluster 6  0.240354848  0.436115960  0.13853633  0.413987284  1341.7837  0.258007018     9.774656   212.64596  0.16506960   0
Cluster 7 -0.698529635  0.627669194 -0.69905545 -0.232280965  1061.0629 -0.700039529     5.969898   -61.77086  0.10437148   0
                Poli Puskesmas_RI Puskesmas_Rj      Apotek K_Pertokoan    Pasar_BP    Pasar_BSP     Pasar_TB Mini_Market
Cluster 1  0.6870426   0.10010664   0.04249059  0.02875144   2.0168797  0.16300743  0.083607970  0.115513106   0.2821085
Cluster 2  0.1935275   0.34141355   0.19483721 -1.89794140   1.0895091 -0.56168530  0.141553156  0.202015403  -0.8831113
Cluster 3  0.9581104  -0.92460998  -0.92470217 -0.88924255   0.9794486  0.00804291 -0.929823146  0.003955723   1.8388729
Cluster 4 -6.6236057  -0.65127878  -0.85178499 -8.33866312 -11.2538590 -1.69396652  0.014352434 -0.993690748  -2.8885131
Cluster 5  0.6619551   0.04888173   0.04760568 -3.81769707 -16.9373497  0.71367882 -0.991008376  0.273836812  -6.8383033
Cluster 6  0.8918907   0.18499325   0.08431323  1.48006600   1.1005275  0.35928154 -0.903083772  0.107585359   2.1154264
Cluster 7  0.6238259  -0.67076198   0.51988832 -1.63663355   0.9358404 -0.54140725  0.003520523  0.169432586  -1.9341333
          Toko.Kelontong   Resto_RM    WM_Kedai        Hotel Losmen_Wisma Bank_Pemerintah Bank_Swasta         BPR         KUD
Cluster 1       17.26083 -0.6908266   18.283936    3.7238323    0.5363387       0.3750291  1.28320027  0.26651158 0.019185626
Cluster 2       41.81620  2.7120161   -1.326579    0.8521381   -1.2224247       0.8360692  0.69488222  0.39087118 0.069393212
Cluster 3      -21.51789  4.6765523   81.389897 -231.5369549    1.8528981       4.6474748 -3.71281751  0.01938253 0.000027326
Cluster 4     -108.77632 -2.2591916 -163.335408    2.3384453   -0.3377291      -5.5788790 -0.58171149 -3.56433824 0.000313007
Cluster 5      -67.28897  0.8163613   -9.802271    1.2405788    0.2854006      -1.5638961  0.07635704 -1.90752525 0.002222893
Cluster 6       21.20154  4.7469243   28.296423    1.1166130    0.4962978       0.7045461  0.43325725  0.34288024 0.037830657
Cluster 7      -22.54678  2.2590008   37.698818    0.9384261    0.5029598       1.2145889  0.32416706  0.30225828 0.058489187
                  IRT      Kosipa  Kop_Lainya         BTS      Masjid     langgar     majlis     gereja        kapel Total_T_Ibadah
Cluster 1 0.000265249 -0.48414380 0.077212196   0.7784348   2.7533732   6.4111287   2.222027 -2.0182310  0.297914950       9.702483
Cluster 2 0.000731026 -1.03854115 0.007123581   1.7983790  -2.8251341   6.7343610  -1.710309  0.3380592  0.202977789       2.879521
Cluster 3 0.000577531  0.01710797 0.000700972 -11.1602099  -0.8492188 -21.9690314  -9.984341  0.0133533  0.004046715     -32.781324
Cluster 4 0.041037378 -3.30505085 0.207275407  -1.0861365 -19.1769673 -68.5140712 -53.419058 -1.1081235 -0.958350553    -144.173899
Cluster 5 0.000777190  0.17277372 0.005544973  -1.6264043  -2.9067294  -7.0568156  -2.850345  1.9964291  0.037535614     -10.743320
Cluster 6 0.000503529 -0.32365257 0.049009108   2.1808586   2.7457050  -1.3557988   5.940073  1.6745977  0.161029585       9.287233
Cluster 7 0.001151441  1.66981681 0.097859201  -0.2459821  -0.7458149   0.1083098   7.984212  2.1226214  0.218452195       9.692663

Root Mean Squared Deviations (RMSD): 16861.4 
Mean Absolute Deviation (MAD): 1498518 

Membership degrees matrix (top and bottom 5 rows): 
    Cluster 1  Cluster 2   Cluster 3   Cluster 4   Cluster 5   Cluster 6   Cluster 7
1 0.544336390 0.02668871 0.000834393 0.014758125 0.002476289 0.402892148 0.008013943
2 0.003924815 0.02536153 0.000448771 0.002791826 0.006957956 0.006724818 0.953790284
3 0.028336752 0.65405268 0.001949989 0.016467084 0.016600853 0.059435281 0.223157358
4 0.007151905 0.95567309 0.000284167 0.003111689 0.001669395 0.020792872 0.011316882
5 0.863742393 0.01898756 0.001174787 0.020698716 0.002772936 0.085048991 0.007574618
...
      Cluster 1   Cluster 2   Cluster 3   Cluster 4   Cluster 5  Cluster 6  Cluster 7
173 0.111441315 0.251274920 0.002325747 0.039953572 0.009102382 0.54558996 0.04031210
174 0.264671533 0.101891746 0.002625673 0.041365420 0.008635622 0.55122232 0.02958769
175 0.441673467 0.073210179 0.002578249 0.042380811 0.007608826 0.40854669 0.02400178
176 0.011895812 0.054294044 0.001756436 0.009335594 0.041941253 0.01890606 0.86187080
177 0.008909634 0.004358737 0.000071761 0.001202174 0.000251944 0.98425355 0.00095220

Descriptive statistics for the membership degrees by clusters
          Size       Min        Q1      Mean    Median        Q3       Max
Cluster 1   60 0.4416735 0.7708023 0.8371678 0.8851865 0.9604630 0.9878859
Cluster 2   39 0.2860743 0.6590730 0.7892147 0.8699991 0.9349553 0.9893276
Cluster 3    2 0.2736290 0.4534918 0.6333546 0.6333546 0.8132174 0.9930802
Cluster 4    9 0.4333145 0.5210166 0.6971613 0.6567890 0.9222512 0.9748043
Cluster 5    4 0.2962034 0.6381457 0.7203019 0.8024086 0.8845647 0.9801870
Cluster 6   51 0.4142370 0.6810056 0.7846635 0.8239601 0.9165712 0.9872093
Cluster 7   12 0.2484906 0.7099202 0.8026461 0.9122141 0.9194767 0.9537903

Dunn's Fuzziness Coefficients:
dunn_coeff normalized 
 0.6984657  0.6482100 

Within cluster sum of squares by cluster:
        1         2         3         4         5         6         7 
220642880 335612464 313634907 275468219 488809026 257699248 371373500 
(between_SS / total_SS =  89.64%) 

Available components: 
 [1] "u"          "v"          "v0"         "d"          "x"          "cluster"    "csize"      "sumsqrs"    "k"         
[10] "m"          "iter"       "best.start" "func.val"   "comp.time"  "inpargs"    "algorithm"  "call"      
$u
      Cluster 1   Cluster 2    Cluster 3    Cluster 4    Cluster 5   Cluster 6    Cluster 7
1   0.544336390 0.026688712 8.343926e-04 0.0147581255 0.0024762892 0.402892148 0.0080139431
2   0.003924815 0.025361531 4.487708e-04 0.0027918256 0.0069579563 0.006724818 0.9537902840
3   0.028336752 0.654052683 1.949989e-03 0.0164670840 0.0166008535 0.059435281 0.2231573575
4   0.007151905 0.955673089 2.841675e-04 0.0031116888 0.0016693948 0.020792872 0.0113168824
5   0.863742393 0.018987560 1.174787e-03 0.0206987164 0.0027729358 0.085048991 0.0075746175
6   0.084994957 0.181849581 1.390502e-03 0.0199127904 0.0058063970 0.680365387 0.0256803862
7   0.071076210 0.547013357 1.794465e-03 0.0229822212 0.0085961928 0.304273253 0.0442642999
8   0.337867755 0.029832553 8.591938e-04 0.0163061319 0.0025699539 0.604025302 0.0085391097
9   0.013771061 0.008134105 1.621160e-03 0.9572915729 0.0020316417 0.012491254 0.0046592058
10  0.173374233 0.080491085 5.922105e-03 0.5210166061 0.0120013207 0.172961870 0.0342327809
11  0.983774953 0.001816056 8.314216e-05 0.0014931433 0.0002182195 0.011972156 0.0006423303
12  0.029148657 0.664093407 1.980904e-03 0.0168250485 0.0166054670 0.061253593 0.2100929229
13  0.026392416 0.019781956 2.663027e-04 0.0042521404 0.0009833922 0.944446445 0.0038773471
14  0.021822598 0.869466183 8.063420e-04 0.0093062785 0.0044528832 0.066311416 0.0278342993
15  0.610018320 0.049395614 2.798014e-03 0.0824347487 0.0063994819 0.230460746 0.0184930754
16  0.904734775 0.013014462 7.769351e-04 0.0137428313 0.0018559044 0.060762316 0.0051127765
17  0.010122350 0.005150554 8.205062e-05 0.0013194308 0.0002930486 0.981920964 0.0011116029
18  0.010854751 0.914440933 5.887728e-04 0.0056182360 0.0041729936 0.025805358 0.0385189549
19  0.559085806 0.026360193 8.319323e-04 0.0147300215 0.0024622841 0.388577824 0.0079519397
20  0.944847109 0.005592928 2.335033e-04 0.0041865257 0.0006322941 0.042603387 0.0019042520
21  0.859555360 0.018896054 1.166583e-03 0.0239019933 0.0026815030 0.086394328 0.0074041788
22  0.063789674 0.596411402 1.707654e-03 0.0223822181 0.0081832011 0.264435396 0.0430904558
23  0.961921330 0.003995333 1.717659e-04 0.0030816861 0.0004605904 0.028992177 0.0013771179
24  0.946990329 0.006831107 3.738549e-04 0.0066880597 0.0009219026 0.035597958 0.0025967890
25  0.050164450 0.042370987 5.646645e-04 0.0096843344 0.0020499878 0.887002573 0.0081630038
26  0.036073227 0.011797543 2.242991e-04 0.0036925116 0.0007664282 0.944656263 0.0027897287
27  0.019582214 0.818321033 1.232241e-03 0.0118118752 0.0089909232 0.044062627 0.0959990866
28  0.067477677 0.614112120 2.318590e-03 0.0278116164 0.0119707048 0.209740826 0.0665684660
29  0.542108452 0.036160156 1.218140e-03 0.0214948967 0.0035601291 0.384111698 0.0113465286
30  0.068682967 0.072473029 8.321749e-04 0.0125771851 0.0032108773 0.829152561 0.0130712056
31  0.021030675 0.802725447 1.275345e-03 0.0115726094 0.0097830843 0.047424279 0.1061885601
32  0.025201262 0.707035660 1.677237e-03 0.0144742414 0.0139386859 0.054194679 0.1834782351
33  0.029201505 0.180480198 3.303364e-03 0.0224864599 0.0393848517 0.050961562 0.6741820598
34  0.143170618 0.030115936 6.807253e-04 0.0114062364 0.0022253750 0.804625081 0.0077760290
35  0.067812755 0.014798165 3.210453e-04 0.0054041784 0.0010585012 0.906868909 0.0037364464
36  0.969162511 0.003712888 1.822235e-04 0.0032583501 0.0004671083 0.021865868 0.0013510513
37  0.606618527 0.024912298 8.049557e-04 0.0142844733 0.0023651585 0.343421237 0.0075933502
38  0.035202109 0.009358764 1.899230e-04 0.0031673988 0.0006374192 0.949158718 0.0022856674
39  0.955116375 0.005729613 3.105728e-04 0.0057064607 0.0007639669 0.030212415 0.0021605955
40  0.064409444 0.600357286 1.783753e-03 0.0223761969 0.0088015979 0.255294562 0.0469771593
41  0.833889137 0.024107046 1.592782e-03 0.0275561305 0.0036653957 0.099353353 0.0098361552
42  0.071873701 0.527424559 1.781181e-03 0.0230330859 0.0084850410 0.323836561 0.0435658702
43  0.921739182 0.010437977 6.009433e-04 0.0106941382 0.0014549416 0.051026817 0.0040460014
44  0.006747909 0.045924255 7.582303e-04 0.0049275455 0.0106828329 0.011768203 0.9191910247
45  0.681539089 0.023878765 8.291170e-04 0.0148009993 0.0023872001 0.269025004 0.0075398248
46  0.139187142 0.020737221 5.056981e-04 0.0086860642 0.0016149133 0.823717363 0.0055515984
47  0.101430132 0.136159896 1.514492e-03 0.0223322583 0.0060082520 0.707557965 0.0249970044
48  0.092102384 0.268813584 1.712929e-03 0.0237919503 0.0074059997 0.572241931 0.0339312218
49  0.006749845 0.052491690 6.991409e-04 0.0046509538 0.0093956543 0.012017135 0.9139955802
50  0.961090872 0.004940539 2.617861e-04 0.0046756409 0.0006529191 0.026525316 0.0018529272
51  0.938494820 0.008062419 4.442579e-04 0.0078957911 0.0010927914 0.040939780 0.0030701402
52  0.929581692 0.007010205 2.876653e-04 0.0051507278 0.0007835568 0.054816220 0.0023699330
53  0.811094069 0.021752331 1.004825e-03 0.0184771926 0.0026325269 0.137269482 0.0077695741
54  0.008555739 0.004635869 7.570374e-04 0.9748042679 0.0010542278 0.007672393 0.0025204659
55  0.678225057 0.047176058 2.800669e-03 0.0479318400 0.0068207597 0.198187062 0.0188585547
56  0.987885871 0.001391973 6.566288e-05 0.0011793676 0.0001705807 0.008808098 0.0004984465
57  0.082528168 0.412140327 1.820830e-03 0.0243212556 0.0083324670 0.430032157 0.0408247968
58  0.012887039 0.004110080 7.812960e-05 0.0012919284 0.0002667011 0.980395031 0.0009710917
59  0.887185809 0.015699811 9.547233e-04 0.0167634658 0.0022656397 0.070921877 0.0062086737
60  0.187237540 0.051355597 1.205635e-03 0.0200481297 0.0039585818 0.722372593 0.0138219239
61  0.006503800 0.959122588 2.641630e-04 0.0028757096 0.0015702479 0.018788439 0.0108750522
62  0.878623117 0.017022836 1.050499e-03 0.0184063257 0.0024793948 0.075648629 0.0067691984
63  0.970008600 0.002998470 1.261955e-04 0.0022753911 0.0003406810 0.023226006 0.0010246562
64  0.130584181 0.286074262 9.098637e-03 0.1981373978 0.0305292886 0.227473727 0.1181025069
65  0.115963010 0.035358059 7.514506e-04 0.0124546282 0.0025198491 0.823960111 0.0089928925
66  0.006306709 0.048156360 6.604514e-04 0.0043565933 0.0090191756 0.011167158 0.9203335523
67  0.980230466 0.002324871 1.117454e-04 0.0020035166 0.0002884492 0.014202190 0.0008387629
68  0.002014609 0.986917627 8.805772e-05 0.0009271790 0.0005455482 0.005489613 0.0040173668
69  0.962899308 0.004592830 2.331534e-04 0.0041630459 0.0005906287 0.025827220 0.0016938135
70  0.960253749 0.004462335 2.023190e-04 0.0036210132 0.0005330903 0.029354920 0.0015725732
71  0.330577282 0.031013558 8.705955e-04 0.0158472773 0.0026423892 0.610245515 0.0088033840
72  0.006636745 0.949695753 3.468298e-04 0.0033717641 0.0024011736 0.016179021 0.0213687141
73  0.041226805 0.020283006 3.309512e-04 0.0052964338 0.0011765325 0.927252869 0.0044334023
74  0.006292133 0.953084023 3.244758e-04 0.0031731029 0.0022257554 0.015441016 0.0194594929
75  0.965849006 0.003563980 1.555636e-04 0.0028096056 0.0004151156 0.025968851 0.0012378778
76  0.600973387 0.028091949 9.114138e-04 0.0160415884 0.0026773873 0.342725810 0.0085784645
77  0.051765953 0.677912493 1.470929e-03 0.0182429719 0.0073928901 0.202649794 0.0405649678
78  0.664596581 0.024757085 8.308816e-04 0.0146867771 0.0024146767 0.285040287 0.0076737118
79  0.883776834 0.014165751 7.063021e-04 0.0126621479 0.0018072188 0.081664060 0.0052176864
80  0.303119719 0.028692802 7.844251e-04 0.0136377025 0.0024234276 0.643242519 0.0080994050
81  0.085920175 0.207265784 1.476621e-03 0.0209642994 0.0062502646 0.650043079 0.0280797777
82  0.396156883 0.034589341 9.958027e-04 0.0172500628 0.0030362212 0.537956203 0.0100154872
83  0.770079024 0.019510870 7.045147e-04 0.0124983747 0.0020015465 0.188958624 0.0062470464
84  0.031094506 0.456526922 2.572044e-03 0.0216067050 0.0229010673 0.061920490 0.4033782652
85  0.004552629 0.027631133 5.393802e-04 0.0032752713 0.0088313278 0.007700335 0.9474699236
86  0.133232094 0.022905157 5.386128e-04 0.0091543026 0.0017380725 0.826410811 0.0060209507
87  0.133272835 0.054690612 5.076393e-03 0.6567890190 0.0092282866 0.116104901 0.0248379535
88  0.175938784 0.023841434 6.007130e-04 0.0103621124 0.0019017728 0.780866516 0.0064886675
89  0.845651369 0.012988121 4.828093e-04 0.0087077397 0.0013551903 0.126610481 0.0042042899
90  0.259167789 0.169555878 5.341999e-03 0.0741958811 0.0179598484 0.414236982 0.0595416235
91  0.001703721 0.004015334 4.880397e-04 0.0015155286 0.9801869823 0.002280259 0.0098101355
92  0.984334606 0.001830129 8.758086e-05 0.0015714622 0.0002263991 0.011290723 0.0006590997
93  0.246666150 0.027324059 7.277293e-04 0.0126367819 0.0022681311 0.702738624 0.0076385240
94  0.015887460 0.901670028 6.293861e-04 0.0069382990 0.0036702112 0.046638844 0.0245657714
95  0.012131833 0.926103878 4.536316e-04 0.0050991254 0.0025788849 0.036948099 0.0166845476
96  0.005833774 0.960866383 2.715124e-04 0.0027772327 0.0017390750 0.015125779 0.0133862441
97  0.978269596 0.002498357 1.169752e-04 0.0020968072 0.0003047307 0.015821637 0.0008918967
98  0.848859598 0.012546590 4.651805e-04 0.0083408309 0.0013089247 0.124416494 0.0040623818
99  0.079729059 0.559843288 2.851141e-03 0.0329697407 0.0148744848 0.229037068 0.0806952190
100 0.702818237 0.021899325 7.460570e-04 0.0132413088 0.0021570019 0.252306230 0.0068318407
101 0.082624274 0.426434249 6.890910e-03 0.0839894884 0.0360471856 0.158769331 0.2052445620
102 0.173497627 0.053161313 6.399232e-03 0.6125943579 0.0102223560 0.118553213 0.0255719010
103 0.007992851 0.937113198 4.294956e-04 0.0041238222 0.0030323809 0.019215706 0.0280925468
104 0.263911363 0.029240503 7.892627e-04 0.0137222204 0.0024528357 0.681645798 0.0082380169
105 0.006299566 0.959510993 2.706010e-04 0.0028776754 0.0016558332 0.017433823 0.0119515090
106 0.788769794 0.016907835 6.059316e-04 0.0108072104 0.0017240419 0.175791362 0.0053938259
107 0.109053066 0.138881242 2.483451e-02 0.4504520326 0.0431680776 0.133216895 0.1003941738
108 0.001558727 0.989327587 7.307035e-05 0.0007476025 0.0004722308 0.004078646 0.0037421373
109 0.055731962 0.064125923 6.924923e-04 0.0104612556 0.0026993255 0.855155508 0.0111335331
110 0.011394682 0.903339399 6.530070e-04 0.0062239344 0.0047168223 0.026633019 0.0470391365
111 0.898063561 0.012518130 6.330156e-04 0.0113572662 0.0016105008 0.071185052 0.0046324751
112 0.026762372 0.013923668 2.889962e-03 0.9222511756 0.0035019238 0.022747799 0.0079230990
113 0.604667683 0.027484133 9.155106e-04 0.0162781859 0.0026716703 0.339456741 0.0085260762
114 0.092639290 0.016628084 3.824877e-04 0.0065084698 0.0012409917 0.878277549 0.0043231273
115 0.573926347 0.026896383 8.534427e-04 0.0150644403 0.0025221138 0.372608407 0.0081288658
116 0.811763183 0.027764760 1.909787e-03 0.0327494635 0.0043284076 0.109987461 0.0114969381
117 0.332866564 0.091516067 2.926568e-03 0.0487590390 0.0089767915 0.485661048 0.0292939214
118 0.357121242 0.028491902 8.090899e-04 0.0141701903 0.0024717489 0.588746573 0.0081892545
119 0.889864491 0.012537621 5.816227e-04 0.0104601617 0.0015251771 0.080547147 0.0044837795
120 0.011787571 0.922320839 5.609324e-04 0.0061873535 0.0033790063 0.030733692 0.0250306056
121 0.899143930 0.009325220 3.707731e-04 0.0066800594 0.0010207330 0.080343714 0.0031155698
122 0.052506989 0.033670289 4.925118e-04 0.0077294703 0.0017991826 0.896853376 0.0069481810
123 0.057283842 0.053785571 6.545348e-04 0.0100040957 0.0024939372 0.865740368 0.0100376515
124 0.806755726 0.028305383 1.922401e-03 0.0331735649 0.0043817461 0.113775856 0.0116853228
125 0.681435860 0.023776062 8.050686e-04 0.0142447901 0.0023331708 0.270005778 0.0073992703
126 0.007172682 0.035008812 9.882699e-04 0.0054166887 0.0217014000 0.011587468 0.9181246789
127 0.976264643 0.002405490 1.022596e-04 0.0018436345 0.0002751307 0.018283396 0.0008254460
128 0.886596068 0.010712965 4.215696e-04 0.0075334080 0.0011645398 0.090012373 0.0035590768
129 0.038540254 0.026780843 3.730420e-04 0.0058410648 0.0013759318 0.921718226 0.0053706390
130 0.027863757 0.692825834 1.840895e-03 0.0159844743 0.0150714251 0.060080544 0.1863330692
131 0.843856881 0.022507903 1.463209e-03 0.0253623416 0.0033881478 0.094293000 0.0091285178
132 0.048510235 0.015294297 3.032568e-04 0.0050301451 0.0010288160 0.926111932 0.0037213192
133 0.983317876 0.001942932 9.307070e-05 0.0016895624 0.0002399429 0.012017658 0.0006989571
134 0.010763490 0.911672719 5.965360e-04 0.0056481144 0.0043023180 0.025467865 0.0415489570
135 0.055162950 0.670253271 1.603805e-03 0.0196228359 0.0080878504 0.201148599 0.0441206883
136 0.062831189 0.016851807 3.478103e-04 0.0059567394 0.0011546172 0.908725878 0.0041319589
137 0.978242916 0.002647362 1.364074e-04 0.0025260233 0.0003416283 0.015126567 0.0009790969
138 0.014832275 0.006753603 1.122096e-04 0.0018128610 0.0003963680 0.974604957 0.0014877264
139 0.017905726 0.861573569 1.012450e-03 0.0104904336 0.0066955614 0.042959132 0.0593631282
140 0.119538694 0.156049088 1.293009e-02 0.4333144936 0.0298685221 0.161315379 0.0869837328
141 0.069126171 0.036812448 6.177688e-04 0.0098808505 0.0022020386 0.873057394 0.0083033293
142 0.042220684 0.038943500 4.750133e-04 0.0073157162 0.0018069519 0.901960537 0.0072775974
 [ reached getOption("max.print") -- omitted 35 rows ]

$v
          J_Penduduk   J_P_DBD      J_M_DBD   IR_DBD      CFR_DBD    J_P_DD J_M_DD    IR_DD CFR_DD     J_P_N J_M_Non    IR_Non
Cluster 1   4072.439 0.6474186 3.907439e-02 16.55011 1.156680e+00  5.047645      0 132.9956      0 0.2975920       0  7.230577
Cluster 2  14270.036 2.9148808 3.585003e-04 20.57719 1.725791e-03 24.671659      0 172.8250      0 1.2849580       0  9.082110
Cluster 3   5999.705 1.0885303 1.276077e-05 17.85991 7.050486e-05 16.047814      0 271.4802      0 0.9444198       0 16.233905
Cluster 4   4388.303 0.9172156 1.035190e-04 17.68561 1.702186e-03 10.215402      0 195.3038      0 0.3807687       0  5.663485
Cluster 5  33265.165 5.6283832 5.887225e-03 15.96673 2.364024e-02 48.133257      0 137.6961      0 2.6178181       0  7.088393
Cluster 6   8031.142 1.2158163 1.588479e-04 14.45160 4.444183e-03 10.641831      0 131.8788      0 0.7009009       0  8.378584
Cluster 7  21092.227 5.5793531 1.560522e-01 26.15365 7.111821e-01 38.291186      0 180.8165      0 1.0906844       0  5.334312
          CFR_Non     X2017     X2018     X2019     X2020      ABJ Strata_E Tnh_pek_bang_hlmn Tanah.Sawah Tanah.Kering      J_RT
Cluster 1       0 0.3239165 0.1209973 0.6150240 0.6474186 94.36982 2.347746          54.40867   48.465896    143.44478  26.66453
Cluster 2       0 3.0312820 1.0264312 4.2504431 2.9148808 94.05950 1.607882         107.46524   36.249268    156.35260  72.82208
Cluster 3       0 3.7258353 1.8653413 0.3752522 1.0885303 96.76023 1.995824         179.84065    4.766846    253.57725  37.64951
Cluster 4       0 1.0065548 0.2239934 1.3171008 0.9172156 92.20164 2.693936          55.78865    1.503771     82.01724  26.54947
Cluster 5       0 6.0638304 1.8092475 9.9994541 5.6283832 93.93041 1.012962         224.16179   97.104499    311.26495 132.49718
Cluster 6       0 1.2790507 0.4678829 1.7913430 1.2158163 93.46347 2.043195          75.43513   30.934354    184.74492  45.38343
Cluster 7       0 4.8521637 1.3117651 7.4514862 5.5793531 93.36238 1.393238         176.46760   13.853982    236.46600 125.88130
               J_RW  J_Pdd_Lk  J_Pdd_Pr J_Kep_Kel  J_KBPaud     J_SD      J_MI       J_SMP       J_MTS       J_SMA        J_MA
Cluster 1  5.970992  2022.454  2087.128  1353.224  4.093803 1.969128 0.3588453 0.653823977 0.156856848 0.284119589 0.128385619
Cluster 2 11.780233  7099.438  7230.162  4506.237 10.758569 3.451954 0.7993331 0.942867301 0.224576112 0.382372163 0.139235452
Cluster 3  7.921257  3032.069  3001.110  1888.473  8.024249 1.106816 0.1492305 0.006361047 0.003939083 0.003004671 0.003899660
Cluster 4 12.499019  2133.452  2241.648  1446.802  5.626695 1.439671 0.2200584 1.693297120 0.005005039 0.861316435 0.004256645
Cluster 5 14.259253 16685.940 16967.711 10328.680 23.074442 6.366888 0.3294387 2.308207434 0.340961599 0.017747854 0.037626049
Cluster 6  7.842550  3994.777  4085.490  2589.194  6.660526 3.080681 0.3702607 1.089271463 0.240354848 0.436115960 0.138536332
Cluster 7 15.471610 10628.957 10719.065  6628.256 16.544580 4.677047 0.8436910 1.602843365 0.301470365 0.627669194 0.300944550
                J_SMK   J_Siswa      J_PT     J_Dosen      J_Mhs         RS RSB      Poli Puskesmas_RI Puskesmas_Rj   Apotek
Cluster 1 0.247958387  896.4947 0.1618803    4.569956   126.2943 0.08453343   0 0.6870426   0.10010664   0.04249059 1.028751
Cluster 2 0.538657144 1580.9796 0.2762428   15.134998   351.3203 0.17436084   0 1.1935275   0.34141356   0.19483721 2.102059
Cluster 3 0.008410329  431.6781 1.9982013 2114.961700 59811.8401 0.92487682   0 0.9581104   0.07539002   0.07529783 2.110757
Cluster 4 0.708823031 1443.9447 2.0146912  392.339681 14086.5398 0.11951939   0 1.3763943   0.34872122   0.14821501 1.661337
Cluster 5 0.387569332 2869.4894 0.3337608   85.052346  1142.3763 0.31559635   0 1.6619551   0.04888173   0.04760568 4.182303
Cluster 6 0.413987284 1448.7837 0.2580070    9.774656   212.6460 0.16506960   0 0.8918907   0.18499325   0.08431323 1.480066
Cluster 7 0.767719035 2295.0629 0.2999605   22.969898   632.2291 0.10437148   0 1.6238259   0.32923802   0.51988832 2.363366
          K_Pertokoan   Pasar_BP   Pasar_BSP    Pasar_TB Mini_Market Toko.Kelontong Resto_RM  WM_Kedai      Hotel Losmen_Wisma
Cluster 1    3.016880 0.16300743 0.083607970 0.115513106    2.282108       29.26083 4.309173  23.28394  3.7238323    0.5363387
Cluster 2    2.089509 0.43831470 0.141553156 0.202015403    4.116889       75.81620 4.712016  50.67342  0.8521381    0.7775753
Cluster 3    1.979449 0.00804291 0.070176854 0.003955723    9.838873       28.48211 4.676552  93.38990 18.4630451    1.8528981
Cluster 4    3.746141 0.30603348 0.014352434 0.006309252    4.111487       58.22368 8.740808  55.66459  4.3384453    0.6622709
