Summary for 'res.fcm'

Number of data objects:  177 

Number of clusters:  4 

Crisp clustering vector:
  [1] 1 4 4 4 1 1 4 1 1 1 1 4 2 4 1 1 4 4 1 1 1 4 1 1 1 1 4 4 1 3 4 4 4 1 4 1 1 1 1 4 1 4 1 4 1 4 4 1 4 1 1 1 1 4 1 1 4 4 1 1 4 1 1
 [64] 4 1 4 1 1 1 1 1 4 1 4 1 1 4 1 1 1 4 1 1 4 4 4 4 1 1 4 4 1 1 4 4 4 1 1 4 1 4 1 4 1 3 1 4 4 3 4 1 1 1 1 1 1 1 1 1 4 1 1 1 1 1 4
[127] 1 1 1 4 1 1 1 4 4 1 1 1 4 4 1 1 4 4 1 4 4 1 4 4 4 4 1 4 1 1 1 4 4 1 1 4 1 1 1 1 4 4 4 1 1 1 4 1 1 4 4

Initial cluster prototypes:
          J_Penduduk    J_P_DBD J_M_DBD     IR_DBD CFR_DBD J_P_DD J_M_DD      IR_DD CFR_DD J_P_N     X2017     X2018      X2019
Cluster 1 0.08486439 0.00000000       0 0.00000000       0   0.06      0 0.14091110      0 0.000 0.0000000 0.0000000 0.00000000
Cluster 2 0.34831584 0.06666667       0 0.06286672       0   0.27      0 0.17903583      0 0.250 0.0000000 0.1666667 0.07692308
Cluster 3 0.40072725 0.26666667       0 0.22129086       0   0.07      0 0.04086687      0 0.000 0.1666667 0.0000000 0.07692308
Cluster 4 0.53524169 0.33333333       0 0.20787930       0   0.23      0 0.10110571      0 0.125 0.1666667 0.1666667 0.11538461
               X2020  Strata_E Tnh_pek_bang_hlmn Tanah.Sawah Tanah.Kering      J_RT  J_Pdd_Lk  J_Pdd_Pr J_Kep_Kel J_KBPaud
Cluster 1 0.00000000 1.0000000         0.2817015  0.18628852   1.00000000 0.1666667 0.2527532 0.2457650 0.2548913  0.06250
Cluster 2 0.06666667 0.0000000         0.6748905  0.01089668   0.19779605 0.2083333 0.3444366 0.3367320 0.3740942  0.34375
Cluster 3 0.26666667 0.3333333         0.1645589  0.00000000   0.05000884 0.3020833 0.3837140 0.3834103 0.4103261  0.21875
Cluster 4 0.33333333 0.0000000         0.4333344  0.00000000   0.11799847 0.3472222 0.5219986 0.5144708 0.5517210  0.31250
               J_SD J_MI J_SMP J_MTS     J_SMA J_MA J_SMK    J_Siswa J_PT J_Dosen J_Mhs RS RSB  Poli Puskesmas_RI Puskesmas_Rj
Cluster 1 0.3333333 0.25   0.6     1 0.6666667    1  0.25 0.07516697    0       0     0  0   0 0.000            0            0
Cluster 2 0.3333333 0.00   0.2     0 0.0000000    0  0.00 0.13770492    0       0     0  0   0 0.375            1            0
Cluster 3 0.3333333 0.00   0.2     0 0.0000000    0  0.00 0.15446266    0       0     0  0   0 0.125            1            1
Cluster 4 0.4444444 0.00   0.4     0 0.6666667    0  0.50 0.20692168    0       0     0  0   0 0.125            0            1
          Apotek Mini_Market Toko.Kelontong  WM_Kedai BPR KUD IRT Kosipa    BTS    Masjid   langgar     majlis     gereja
Cluster 1    0.1   0.2222222      0.1960784 0.2170213   0   0   0  0.000 0.0625 0.1666667 0.1139241 0.05172414 0.00000000
Cluster 2    0.3   0.1666667      0.1647059 0.2638298   0   0   0  0.375 0.3750 0.4583333 0.2658228 0.18965517 0.18181818
Cluster 3    0.2   0.2222222      0.5843137 0.1617021   0   0   0  0.125 0.3750 0.3750000 0.2151899 0.12068966 0.36363636
Cluster 4    0.0   0.1111111      1.0000000 0.7106383   0   0   0  0.875 0.1875 0.3750000 0.2658228 0.25862069 0.09090909
          Total_T_Ibadah
Cluster 1     0.08074534
Cluster 2     0.26086957
Cluster 3     0.21118012
Cluster 4     0.26708075

Final cluster prototypes:
          J_Penduduk   J_P_DBD    J_M_DBD    IR_DBD    CFR_DBD    J_P_DD J_M_DD     IR_DD CFR_DD      J_P_N     X2017      X2018
Cluster 1  0.2273302 0.1121141 0.02119746 0.1435114 0.01041303 0.1379573      0 0.1315041      0 0.09245938 0.1297688 0.08920877
Cluster 2  0.2273427 0.1121225 0.02119876 0.1435158 0.01041326 0.1379669      0 0.1315070      0 0.09246541 0.1297788 0.08921598
Cluster 3  0.2490803 0.1266103 0.02337540 0.1506294 0.01068645 0.1547796      0 0.1364065      0 0.10269258 0.1471805 0.10154799
Cluster 4  0.2623800 0.1354377 0.02463086 0.1545281 0.01073611 0.1650207      0 0.1392000      0 0.10861560 0.1576670 0.10883176
               X2019     X2020  Strata_E Tnh_pek_bang_hlmn Tanah.Sawah Tanah.Kering      J_RT  J_Pdd_Lk  J_Pdd_Pr J_Kep_Kel
Cluster 1 0.08813164 0.1121141 0.3494904         0.2287093  0.07847120    0.1147623 0.1567786 0.2253677 0.2243325 0.2412328
Cluster 2 0.08813864 0.1121225 0.3494769         0.2287193  0.07847090    0.1147638 0.1567858 0.2253800 0.2243448 0.2412456
Cluster 3 0.10031680 0.1266103 0.3266518         0.2459918  0.07775408    0.1172027 0.1692629 0.2468891 0.2456450 0.2634761
Cluster 4 0.10771372 0.1354377 0.3132940         0.2563021  0.07703767    0.1185017 0.1768837 0.2600513 0.2586833 0.2770811
           J_KBPaud      J_SD      J_MI     J_SMP      J_MTS     J_SMA       J_MA     J_SMK   J_Siswa       J_PT    J_Dosen
Cluster 1 0.2028816 0.3125163 0.1187030 0.1988905 0.06914179 0.1399423 0.07069972 0.1136725 0.1679415 0.07150753 0.02616449
Cluster 2 0.2028925 0.3125264 0.1187068 0.1988981 0.06914447 0.1399491 0.07070274 0.1136773 0.1679493 0.07151030 0.02616606
Cluster 3 0.2218505 0.3296658 0.1252742 0.2114132 0.07303660 0.1510158 0.07509302 0.1215696 0.1809358 0.07629486 0.02892126
Cluster 4 0.2333806 0.3397782 0.1291855 0.2185321 0.07465370 0.1571834 0.07693414 0.1259651 0.1884183 0.07923032 0.03062270
               J_Mhs         RS RSB      Poli Puskesmas_RI Puskesmas_Rj    Apotek Mini_Market Toko.Kelontong  WM_Kedai        BPR
Cluster 1 0.02614885 0.07245724   0 0.1206545    0.1851651    0.1187941 0.1639375   0.1926245      0.2135471 0.1693112 0.06475723
Cluster 2 0.02615020 0.07246118   0 0.1206606    0.1851854    0.1188082 0.1639463   0.1926329      0.2135576 0.1693196 0.06475977
Cluster 3 0.02852187 0.07856473   0 0.1309286    0.2223199    0.1448215 0.1789841   0.2071612      0.2322174 0.1837862 0.06945765
Cluster 4 0.02998672 0.08156274   0 0.1368588    0.2470054    0.1625418 0.1880022   0.2159865      0.2441018 0.1926127 0.07260037
                 KUD         IRT     Kosipa       BTS    Masjid   langgar    majlis    gereja Total_T_Ibadah
Cluster 1 0.01848688 0.005055532 0.09874685 0.1437270 0.2618678 0.2057286 0.1238194 0.1463896      0.1776711
Cluster 2 0.01848816 0.005056064 0.09875197 0.1437307 0.2618794 0.2057370 0.1238249 0.1463965      0.1776794
Cluster 3 0.02053367 0.005988290 0.10784680 0.1503516 0.2822024 0.2202452 0.1337849 0.1578259      0.1921520
Cluster 4 0.02158030 0.006554806 0.11358555 0.1546249 0.2947695 0.2290411 0.1400990 0.1644074      0.2010332

Distance between the final cluster prototypes
            Cluster 1   Cluster 2   Cluster 3
Cluster 2 0.000000003                        
Cluster 3 0.010052076 0.010040565            
Cluster 4 0.026268019 0.026249426 0.003828283

Difference between the initial and final cluster prototypes
          J_Penduduk     J_P_DBD    J_M_DBD      IR_DBD    CFR_DBD      J_P_DD J_M_DD        IR_DD CFR_DD       J_P_N        X2017
Cluster 1  0.1424658  0.11211413 0.02119746  0.14351139 0.01041303  0.07795729      0 -0.009406972      0  0.09245938  0.129768770
Cluster 2 -0.1209731  0.04545581 0.02119876  0.08064905 0.01041326 -0.13203307      0 -0.047528802      0 -0.15753459  0.129778807
Cluster 3 -0.1516470 -0.14005640 0.02337540 -0.07066148 0.01068645  0.08477964      0  0.095539633      0  0.10269258 -0.019486165
Cluster 4 -0.2728617 -0.19789563 0.02463086 -0.05335123 0.01073611 -0.06497928      0  0.038094311      0 -0.01638440 -0.008999661
                X2018        X2019       X2020     Strata_E Tnh_pek_bang_hlmn Tanah.Sawah Tanah.Kering         J_RT    J_Pdd_Lk
Cluster 1  0.08920877  0.088131643  0.11211413 -0.650509593       -0.05299223 -0.10781731 -0.885237691 -0.009888066 -0.02738554
Cluster 2 -0.07745068  0.011215565  0.04545581  0.349476900       -0.44617116  0.06757422 -0.083032240 -0.051547516 -0.11905657
Cluster 3  0.10154799  0.023393719 -0.14005640 -0.006681488        0.08143282  0.07775408  0.067193822 -0.132820393 -0.13682487
Cluster 4 -0.05783490 -0.007670901 -0.19789563  0.313294011       -0.17703230  0.07703767  0.000503269 -0.170338543 -0.26194727
             J_Pdd_Pr   J_Kep_Kel     J_KBPaud         J_SD       J_MI        J_SMP       J_MTS      J_SMA        J_MA      J_SMK
Cluster 1 -0.02143243 -0.01365851  0.140381601 -0.020817041 -0.1312970 -0.401109451 -0.93085821 -0.5267244 -0.92930028 -0.1363275
Cluster 2 -0.11238721 -0.13284862 -0.140857473 -0.020806918  0.1187068 -0.001101884  0.06914447  0.1399491  0.07070274  0.1136773
Cluster 3 -0.13776531 -0.14684997  0.003100542 -0.003667555  0.1252742  0.011413238  0.07303660  0.1510158  0.07509302  0.1215696
Cluster 4 -0.25578754 -0.27463992 -0.079119449 -0.104666234  0.1291855 -0.181467938  0.07465370 -0.5094833  0.07693414 -0.3740349
              J_Siswa       J_PT    J_Dosen      J_Mhs         RS RSB         Poli Puskesmas_RI Puskesmas_Rj      Apotek
Cluster 1  0.09277454 0.07150753 0.02616449 0.02614885 0.07245724   0  0.120654465    0.1851651    0.1187941  0.06393749
Cluster 2  0.03024440 0.07151030 0.02616606 0.02615020 0.07246118   0 -0.254339434   -0.8148146    0.1188082 -0.13605373
Cluster 3  0.02647311 0.07629486 0.02892126 0.02852187 0.07856473   0  0.005928555   -0.7776801   -0.8551785 -0.02101593
Cluster 4 -0.01850338 0.07923032 0.03062270 0.02998672 0.08156274   0  0.011858781    0.2470054   -0.8374582  0.18800216
          Mini_Market Toko.Kelontong    WM_Kedai        BPR        KUD         IRT      Kosipa         BTS      Masjid
Cluster 1 -0.02959768     0.01746867 -0.04771008 0.06475723 0.01848688 0.005055532  0.09874685  0.08122701  0.09520114
Cluster 2  0.02596627     0.04885170 -0.09451023 0.06475977 0.01848816 0.005056064 -0.27624803 -0.23126933 -0.19645396
Cluster 3 -0.01506104    -0.35209633  0.02208407 0.06945765 0.02053367 0.005988290 -0.01715320 -0.22464838 -0.09279763
Cluster 4  0.10487538    -0.75589822 -0.51802560 0.07260037 0.02158030 0.006554806 -0.76141445 -0.03287509 -0.08023051
               langgar      majlis      gereja Total_T_Ibadah
Cluster 1  0.091804574  0.07209523  0.14638963     0.09692580
Cluster 2 -0.060085759 -0.06583023 -0.03542171    -0.08319012
Cluster 3  0.005055317  0.01309526 -0.20581049    -0.01902816
Cluster 4 -0.036781718 -0.11852170  0.07349828    -0.06604751

Root Mean Squared Deviations (RMSD): 1.6123 
Mean Absolute Deviation (MAD): 354.9988 

Membership degrees matrix (top and bottom 5 rows): 
  Cluster 1 Cluster 2 Cluster 3 Cluster 4
1 0.2702374 0.2702195 0.2390632 0.2204799
2 0.2374590 0.2374692 0.2562214 0.2688504
3 0.2473727 0.2473760 0.2519130 0.2533382
4 0.2424731 0.2424803 0.2542651 0.2607815
5 0.2775632 0.2775356 0.2338749 0.2110263
...
    Cluster 1 Cluster 2 Cluster 3 Cluster 4
173 0.2460058 0.2460111 0.2529985 0.2549846
174 0.2586416 0.2586356 0.2461067 0.2366161
175 0.2531434 0.2531413 0.2486516 0.2450637
176 0.2351522 0.2351645 0.2574885 0.2721948
177 0.2435766 0.2435823 0.2534285 0.2594126

Descriptive statistics for the membership degrees by clusters
          Size       Min        Q1      Mean    Median        Q3       Max
Cluster 1  102 0.2507650 0.2593543 0.2678946 0.2681158 0.2758712 0.2864878
Cluster 2    1 0.2513307 0.2513307 0.2513307 0.2513307 0.2513307 0.2513307
Cluster 3    3 0.2509087 0.2514325 0.2516404 0.2519563 0.2520063 0.2520563
Cluster 4   71 0.2521431 0.2572003 0.2621644 0.2618889 0.2673141 0.2736859

Dunn's Fuzziness Coefficients:
 dunn_coeff  normalized 
0.251184185 0.001578914 

Within cluster sum of squares by cluster:
         1          2          3          4 
 82.228909   0.000000   1.459291 149.751688 
(between_SS / total_SS =  0.47%) 

Available components: 
 [1] "u"          "v"          "v0"         "d"          "x"          "cluster"    "csize"      "sumsqrs"    "k"         
[10] "m"          "iter"       "best.start" "func.val"   "comp.time"  "inpargs"    "algorithm"  "call"      
$u
    Cluster 1 Cluster 2 Cluster 3 Cluster 4
1   0.2702374 0.2702195 0.2390632 0.2204799
2   0.2374590 0.2374692 0.2562214 0.2688504
3   0.2473727 0.2473760 0.2519130 0.2533382
4   0.2424731 0.2424803 0.2542651 0.2607815
5   0.2775632 0.2775356 0.2338749 0.2110263
6   0.2586578 0.2586529 0.2465669 0.2361224
7   0.2374682 0.2374808 0.2576091 0.2674419
8   0.2555760 0.2555724 0.2476300 0.2412216
9   0.2584590 0.2584521 0.2457473 0.2373416
10  0.2592785 0.2592711 0.2453899 0.2360606
11  0.2810505 0.2810176 0.2312400 0.2066920
12  0.2402129 0.2402227 0.2558466 0.2637177
13  0.2513298 0.2513307 0.2502845 0.2470550
14  0.2461894 0.2461939 0.2526384 0.2549784
15  0.2769185 0.2768924 0.2345588 0.2116304
16  0.2581407 0.2581339 0.2458255 0.2378999
17  0.2479167 0.2479198 0.2517045 0.2524591
18  0.2399354 0.2399439 0.2551438 0.2649769
19  0.2526650 0.2526641 0.2492603 0.2454105
20  0.2735353 0.2735116 0.2362781 0.2166750
21  0.2807762 0.2807435 0.2314083 0.2070720
22  0.2353798 0.2353923 0.2575913 0.2716365
23  0.2732579 0.2732350 0.2365784 0.2169286
24  0.2784497 0.2784205 0.2331590 0.2099708
25  0.2765069 0.2764840 0.2357265 0.2112827
26  0.2742833 0.2742600 0.2361658 0.2152910
27  0.2400054 0.2400147 0.2556203 0.2643596
28  0.2429199 0.2429261 0.2537207 0.2604332
29  0.2579429 0.2579388 0.2470291 0.2370892
30  0.2506669 0.2506690 0.2509087 0.2477554
31  0.2378097 0.2378208 0.2567086 0.2676609
32  0.2384692 0.2384788 0.2557861 0.2672659
33  0.2388988 0.2389089 0.2561237 0.2660686
34  0.2685973 0.2685808 0.2399836 0.2228383
35  0.2468843 0.2468877 0.2519981 0.2542299
36  0.2822677 0.2822339 0.2306181 0.2048803
37  0.2799320 0.2799035 0.2329209 0.2072436
38  0.2653876 0.2653759 0.2425053 0.2267312
39  0.2819302 0.2818973 0.2310187 0.2051539
40  0.2443450 0.2443515 0.2537795 0.2575241
41  0.2745912 0.2745665 0.2356331 0.2152093
42  0.2445438 0.2445490 0.2531189 0.2577884
43  0.2718252 0.2718049 0.2378381 0.2185318
44  0.2408322 0.2408402 0.2548267 0.2635010
45  0.2627145 0.2627062 0.2443747 0.2302047
46  0.2422297 0.2422367 0.2541731 0.2613605
47  0.2437676 0.2437741 0.2538330 0.2586253
48  0.2722583 0.2722403 0.2385491 0.2169523
49  0.2406546 0.2406637 0.2554753 0.2632064
50  0.2853179 0.2852801 0.2285375 0.2008646
51  0.2733196 0.2732977 0.2369340 0.2164486
52  0.2864878 0.2864479 0.2275198 0.1995444
53  0.2526072 0.2526067 0.2494157 0.2453705
54  0.2481821 0.2481844 0.2512927 0.2523407
55  0.2638896 0.2638773 0.2425581 0.2296749
56  0.2507650 0.2507646 0.2497044 0.2487660
57  0.2476265 0.2476302 0.2520711 0.2526721
58  0.2419291 0.2419362 0.2542459 0.2618889
59  0.2595819 0.2595736 0.2449684 0.2358760
60  0.2534870 0.2534862 0.2491380 0.2438888
61  0.2469739 0.2469781 0.2523708 0.2536773
62  0.2787987 0.2787692 0.2329474 0.2094848
63  0.2759910 0.2759645 0.2346634 0.2133811
64  0.2354863 0.2354985 0.2574227 0.2715926
65  0.2649662 0.2649559 0.2431162 0.2269618
66  0.2401407 0.2401492 0.2551294 0.2645807
67  0.2785484 0.2785197 0.2332750 0.2096570
68  0.2585585 0.2585552 0.2472895 0.2355969
69  0.2700991 0.2700808 0.2389848 0.2208353
70  0.2680455 0.2680287 0.2400093 0.2239165
71  0.2724930 0.2724721 0.2374891 0.2175458
72  0.2369991 0.2370097 0.2564443 0.2695469
73  0.2643639 0.2643528 0.2429812 0.2283021
74  0.2449055 0.2449124 0.2539722 0.2562100
75  0.2555762 0.2555721 0.2474110 0.2414408
76  0.2788442 0.2788152 0.2330991 0.2092415
77  0.2408171 0.2408257 0.2551417 0.2632155
78  0.2800703 0.2800396 0.2322170 0.2076731
79  0.2538801 0.2538778 0.2484367 0.2438053
80  0.2657692 0.2657552 0.2414937 0.2269819
81  0.2456567 0.2456624 0.2532535 0.2554274
82  0.2745135 0.2744896 0.2359208 0.2150761
83  0.2644730 0.2644607 0.2424508 0.2286155
84  0.2342347 0.2342475 0.2578319 0.2736859
85  0.2424545 0.2424610 0.2539629 0.2611216
86  0.2456372 0.2456421 0.2528090 0.2559117
87  0.2468214 0.2468244 0.2517674 0.2545868
88  0.2779859 0.2779587 0.2339058 0.2101496
89  0.2725047 0.2724848 0.2377953 0.2172152
90  0.2420841 0.2420910 0.2541583 0.2616666
91  0.2403019 0.2403105 0.2552200 0.2641677
92  0.2799383 0.2799077 0.2322801 0.2078740
93  0.2545889 0.2545869 0.2485036 0.2423206
94  0.2344108 0.2344239 0.2579510 0.2732143
95  0.2383272 0.2383368 0.2558343 0.2675017
96  0.2381731 0.2381835 0.2562811 0.2673623
97  0.2830328 0.2829983 0.2301865 0.2037824
98  0.2639237 0.2639126 0.2430181 0.2291456
99  0.2356935 0.2357052 0.2571052 0.2714960
100 0.2827799 0.2827472 0.2307841 0.2036889
101 0.2404239 0.2404329 0.2553618 0.2637814
102 0.2707199 0.2706997 0.2381414 0.2204390
103 0.2379239 0.2379350 0.2567245 0.2674166
104 0.2763360 0.2763119 0.2353417 0.2120103
105 0.2488349 0.2488387 0.2519563 0.2503701
106 0.2614198 0.2614113 0.2445651 0.2326039
107 0.2434560 0.2434622 0.2537021 0.2593797
108 0.2408118 0.2408209 0.2554272 0.2629401
109 0.2501922 0.2501964 0.2520563 0.2475552
110 0.2432644 0.2432721 0.2545436 0.2589198
111 0.2579638 0.2579575 0.2460744 0.2380043
112 0.2629616 0.2629502 0.2430791 0.2310091
113 0.2716976 0.2716793 0.2385387 0.2180845
114 0.2605728 0.2605658 0.2453641 0.2334973
115 0.2656091 0.2655949 0.2415005 0.2272955
116 0.2729543 0.2729312 0.2366170 0.2174975
117 0.2524682 0.2524681 0.2496271 0.2454367
118 0.2565087 0.2565043 0.2471582 0.2398288
119 0.2614033 0.2613942 0.2442727 0.2329298
120 0.2430093 0.2430166 0.2543153 0.2596589
121 0.2734354 0.2734147 0.2372684 0.2158815
122 0.2748612 0.2748387 0.2363141 0.2139859
123 0.2643128 0.2643001 0.2423429 0.2290441
124 0.2551947 0.2551908 0.2475492 0.2420653
125 0.2776334 0.2776056 0.2338100 0.2109510
126 0.2383646 0.2383741 0.2557944 0.2674669
127 0.2681862 0.2681691 0.2398508 0.2237940
128 0.2628692 0.2628581 0.2432333 0.2310395
129 0.2686798 0.2686654 0.2406884 0.2219664
130 0.2368857 0.2368963 0.2564596 0.2697583
131 0.2748661 0.2748415 0.2356150 0.2146773
132 0.2615615 0.2615542 0.2450208 0.2318635
133 0.2575533 0.2575471 0.2461965 0.2387031
134 0.2444141 0.2444216 0.2542878 0.2568765
135 0.2482623 0.2482646 0.2513299 0.2521431
136 0.2611602 0.2611526 0.2449436 0.2327436
137 0.2641812 0.2641693 0.2426395 0.2290100
138 0.2619492 0.2619424 0.2451340 0.2309744
139 0.2357440 0.2357559 0.2572682 0.2712320
140 0.2367744 0.2367852 0.2565760 0.2698643
141 0.2642523 0.2642420 0.2432662 0.2282396
142 0.2702188 0.2702002 0.2388130 0.2207680
143 0.2444808 0.2444857 0.2528936 0.2581399
144 0.2465561 0.2465594 0.2519604 0.2549242
145 0.2570938 0.2570919 0.2481384 0.2376760
146 0.2406435 0.2406520 0.2551317 0.2635729
147 0.2428646 0.2428708 0.2537463 0.2605182
148 0.2755119 0.2754891 0.2359922 0.2130069
149 0.2358835 0.2358955 0.2573202 0.2709008
150 0.2423081 0.2423149 0.2541258 0.2612513
151 0.2414123 0.2414206 0.2549179 0.2622492
152 0.2398194 0.2398308 0.2567602 0.2635896
153 0.2764038 0.2763796 0.2353450 0.2118717
154 0.2389257 0.2389348 0.2555252 0.2666142
155 0.2841339 0.2840975 0.2292868 0.2024818
156 0.2726397 0.2726211 0.2382143 0.2165249
157 0.2646188 0.2646070 0.2425891 0.2281851
158 0.2419961 0.2420032 0.2543028 0.2616978
159 0.2394042 0.2394135 0.2556160 0.2655663
160 0.2572096 0.2572055 0.2471604 0.2384245
161 0.2528188 0.2528179 0.2491977 0.2451656
162 0.2456468 0.2456527 0.2533899 0.2553107
163 0.2515895 0.2515888 0.2495035 0.2473182
164 0.2675161 0.2674995 0.2401641 0.2248202
165 0.2795604 0.2795290 0.2321411 0.2087694
166 0.2590649 0.2590626 0.2475642 0.2343083
167 0.2459397 0.2459457 0.2534174 0.2546972
168 0.2424308 0.2424372 0.2538792 0.2612528
169 0.2460031 0.2460078 0.2527026 0.2552865
170 0.2796892 0.2796582 0.2322330 0.2084196
171 0.2676024 0.2675885 0.2411748 0.2236343
172 0.2684824 0.2684660 0.2400448 0.2230069
173 0.2460058 0.2460111 0.2529985 0.2549846
174 0.2586416 0.2586356 0.2461067 0.2366161
175 0.2531434 0.2531413 0.2486516 0.2450637
176 0.2351522 0.2351645 0.2574885 0.2721948
177 0.2435766 0.2435823 0.2534285 0.2594126

$v
          J_Penduduk   J_P_DBD    J_M_DBD    IR_DBD    CFR_DBD    J_P_DD J_M_DD     IR_DD CFR_DD      J_P_N     X2017      X2018
Cluster 1  0.2273302 0.1121141 0.02119746 0.1435114 0.01041303 0.1379573      0 0.1315041      0 0.09245938 0.1297688 0.08920877
Cluster 2  0.2273427 0.1121225 0.02119876 0.1435158 0.01041326 0.1379669      0 0.1315070      0 0.09246541 0.1297788 0.08921599
Cluster 3  0.2490803 0.1266103 0.02337540 0.1506294 0.01068645 0.1547796      0 0.1364065      0 0.10269258 0.1471805 0.10154799
Cluster 4  0.2623800 0.1354377 0.02463086 0.1545281 0.01073611 0.1650207      0 0.1392000      0 0.10861560 0.1576670 0.10883176
               X2019     X2020  Strata_E Tnh_pek_bang_hlmn Tanah.Sawah Tanah.Kering      J_RT  J_Pdd_Lk  J_Pdd_Pr J_Kep_Kel
Cluster 1 0.08813164 0.1121141 0.3494904         0.2287093  0.07847120    0.1147623 0.1567786 0.2253677 0.2243325 0.2412328
Cluster 2 0.08813864 0.1121225 0.3494769         0.2287193  0.07847090    0.1147638 0.1567858 0.2253800 0.2243448 0.2412456
Cluster 3 0.10031680 0.1266103 0.3266518         0.2459918  0.07775408    0.1172027 0.1692629 0.2468891 0.2456450 0.2634761
Cluster 4 0.10771371 0.1354377 0.3132940         0.2563021  0.07703767    0.1185017 0.1768837 0.2600513 0.2586833 0.2770811
           J_KBPaud      J_SD      J_MI     J_SMP      J_MTS     J_SMA       J_MA     J_SMK   J_Siswa       J_PT    J_Dosen
Cluster 1 0.2028816 0.3125163 0.1187030 0.1988905 0.06914179 0.1399423 0.07069972 0.1136725 0.1679415 0.07150752 0.02616449
Cluster 2 0.2028925 0.3125264 0.1187068 0.1988981 0.06914447 0.1399491 0.07070274 0.1136773 0.1679493 0.07151030 0.02616606
Cluster 3 0.2218505 0.3296658 0.1252742 0.2114132 0.07303660 0.1510158 0.07509302 0.1215696 0.1809358 0.07629486 0.02892126
Cluster 4 0.2333806 0.3397782 0.1291855 0.2185321 0.07465370 0.1571834 0.07693414 0.1259651 0.1884183 0.07923032 0.03062270
               J_Mhs         RS RSB      Poli Puskesmas_RI Puskesmas_Rj    Apotek Mini_Market Toko.Kelontong  WM_Kedai        BPR
Cluster 1 0.02614884 0.07245724   0 0.1206545    0.1851651    0.1187941 0.1639375   0.1926245      0.2135471 0.1693112 0.06475723
Cluster 2 0.02615020 0.07246118   0 0.1206606    0.1851854    0.1188082 0.1639463   0.1926329      0.2135576 0.1693196 0.06475977
Cluster 3 0.02852187 0.07856473   0 0.1309286    0.2223199    0.1448215 0.1789841   0.2071612      0.2322174 0.1837862 0.06945765
Cluster 4 0.02998672 0.08156274   0 0.1368588    0.2470054    0.1625418 0.1880022   0.2159865      0.2441018 0.1926127 0.07260037
                 KUD         IRT     Kosipa       BTS    Masjid   langgar    majlis    gereja Total_T_Ibadah
Cluster 1 0.01848688 0.005055532 0.09874685 0.1437270 0.2618678 0.2057286 0.1238194 0.1463896      0.1776711
Cluster 2 0.01848816 0.005056064 0.09875197 0.1437307 0.2618794 0.2057370 0.1238249 0.1463965      0.1776794
Cluster 3 0.02053367 0.005988290 0.10784680 0.1503516 0.2822024 0.2202452 0.1337849 0.1578259      0.1921520
Cluster 4 0.02158030 0.006554806 0.11358555 0.1546249 0.2947695 0.2290411 0.1400990 0.1644074      0.2010332

$v0
          J_Penduduk    J_P_DBD J_M_DBD     IR_DBD CFR_DBD J_P_DD J_M_DD      IR_DD CFR_DD J_P_N     X2017     X2018      X2019
Cluster 1 0.08486439 0.00000000       0 0.00000000       0   0.06      0 0.14091110      0 0.000 0.0000000 0.0000000 0.00000000
Cluster 2 0.34831584 0.06666667       0 0.06286672       0   0.27      0 0.17903582      0 0.250 0.0000000 0.1666667 0.07692308
Cluster 3 0.40072725 0.26666667       0 0.22129086       0   0.07      0 0.04086687      0 0.000 0.1666667 0.0000000 0.07692308
Cluster 4 0.53524169 0.33333333       0 0.20787930       0   0.23      0 0.10110571      0 0.125 0.1666667 0.1666667 0.11538462
               X2020  Strata_E Tnh_pek_bang_hlmn Tanah.Sawah Tanah.Kering      J_RT  J_Pdd_Lk  J_Pdd_Pr J_Kep_Kel J_KBPaud
Cluster 1 0.00000000 1.0000000         0.2817015  0.18628852   1.00000000 0.1666667 0.2527532 0.2457650 0.2548913  0.06250
Cluster 2 0.06666667 0.0000000         0.6748905  0.01089668   0.19779605 0.2083333 0.3444366 0.3367320 0.3740942  0.34375
Cluster 3 0.26666667 0.3333333         0.1645589  0.00000000   0.05000884 0.3020833 0.3837140 0.3834103 0.4103261  0.21875
Cluster 4 0.33333333 0.0000000         0.4333344  0.00000000   0.11799847 0.3472222 0.5219986 0.5144708 0.5517210  0.31250
               J_SD J_MI J_SMP J_MTS     J_SMA J_MA J_SMK    J_Siswa J_PT J_Dosen J_Mhs RS RSB  Poli Puskesmas_RI Puskesmas_Rj
Cluster 1 0.3333333 0.25   0.6     1 0.6666667    1  0.25 0.07516697    0       0     0  0   0 0.000            0            0
Cluster 2 0.3333333 0.00   0.2     0 0.0000000    0  0.00 0.13770492    0       0     0  0   0 0.375            1            0
Cluster 3 0.3333333 0.00   0.2     0 0.0000000    0  0.00 0.15446266    0       0     0  0   0 0.125            1            1
Cluster 4 0.4444444 0.00   0.4     0 0.6666667    0  0.50 0.20692168    0       0     0  0   0 0.125            0            1
          Apotek Mini_Market Toko.Kelontong  WM_Kedai BPR KUD IRT Kosipa    BTS    Masjid   langgar     majlis     gereja
Cluster 1    0.1   0.2222222      0.1960784 0.2170213   0   0   0  0.000 0.0625 0.1666667 0.1139241 0.05172414 0.00000000
Cluster 2    0.3   0.1666667      0.1647059 0.2638298   0   0   0  0.375 0.3750 0.4583333 0.2658228 0.18965517 0.18181818
Cluster 3    0.2   0.2222222      0.5843137 0.1617021   0   0   0  0.125 0.3750 0.3750000 0.2151899 0.12068966 0.36363636
Cluster 4    0.0   0.1111111      1.0000000 0.7106383   0   0   0  0.875 0.1875 0.3750000 0.2658228 0.25862069 0.09090909
          Total_T_Ibadah
Cluster 1     0.08074534
Cluster 2     0.26086957
Cluster 3     0.21118012
Cluster 4     0.26708075

$d
     Cluster 1  Cluster 2  Cluster 3  Cluster 4
1    0.6653555  0.6653996  0.7521190  0.8155120
2    3.2348205  3.2346812  2.9979425  2.8571171
3    2.1201136  2.1200850  2.0819020  2.0701901
4    1.8019076  1.8018544  1.7183410  1.6754030
5    0.7151456  0.7152169  0.8487365  0.9406321
6    0.6859048  0.6859178  0.7195397  0.7513672
7    0.8597627  0.8597171  0.7925432  0.7634044
8    1.6320149  1.6320377  1.6843837  1.7291315
9    1.7561332  1.7561800  1.8469719  1.9123842
10   1.3344245  1.3344627  1.4099505  1.4656730
11   0.7063366  0.7064194  0.8584859  0.9604450
12   1.1742723  1.1742247  1.1025176  1.0696111
13   0.9978267  0.9978231  1.0019942  1.0150922
14   1.4448908  1.4448641  1.4080077  1.3950859
15   0.5990663  0.5991227  0.7072534  0.7838786
16   2.4760671  2.4761326  2.6001121  2.6867344
17   1.2786490  1.2786330  1.2594070  1.2556427
18   2.2053784  2.2053002  2.0739216  1.9969601
19   1.7999979  1.8000044  1.8245846  1.8532075
20   1.0449564  1.0450467  1.2097288  1.3191759
21   0.7454312  0.7455179  0.9044591  1.0107565
22   1.2661715  1.2661043  1.1569925  1.0971695
23   0.9539867  0.9540668  1.1018944  1.2017059
24   0.7602495  0.7603290  0.9079266  1.0081934
25   0.3501740  0.3502030  0.4107537  0.4582748
26   0.7369590  0.7370217  0.8559054  0.9388947
27   1.9636184  1.9635421  1.8436682  1.7827196
28   4.1334874  4.1333820  3.9575267  3.8555237
29   0.6500063  0.6500165  0.6787236  0.7071788
30   0.9362993  0.9362917  0.9353969  0.9473024
31   1.8673130  1.8672260  1.7298412  1.6590587
32   2.4134484  2.4133519  2.2500566  2.1534103
33   2.1831747  2.1830817  2.0363510  1.9602381
34   0.6895968  0.6896392  0.7718187  0.8312027
35   1.8191032  1.8190778  1.7821881  1.7665432
36   0.5660588  0.5661266  0.6928341  0.7798706
37   0.4241358  0.4241789  0.5097402  0.5728966
38   0.6075209  0.6075475  0.6648453  0.7110998
39   0.5383171  0.5383798  0.6569505  0.7397757
40   1.5707894  1.5707476  1.5123936  1.4904021
41   1.0142189  1.0143103  1.1819038  1.2940689
42   3.7152064  3.7151268  3.5893432  3.5243268
43   0.8049501  0.8050102  0.9199778  1.0012537
44   4.0490365  4.0489020  3.8266719  3.7007004
45   0.5793055  0.5793238  0.6227810  0.6611157
46   1.9525762  1.9525199  1.8608261  1.8096538
47   2.0014155  2.0013620  1.9220514  1.8864362
48   0.3700556  0.3700800  0.4223478  0.4643911
49   1.4748138  1.4747578  1.3892566  1.3484499
50   0.4996528  0.4997188  0.6237921  0.7097313
51   0.6708962  0.6709499  0.7739247  0.8471715
52   0.5293809  0.5294547  0.6665844  0.7600371
53   1.4749576  1.4749607  1.4938309  1.5184587
54   2.5976217  2.5975975  2.5654676  2.5548128
55   1.4410965  1.4411635  1.5678319  1.6557767
56   1.9952313  1.9952345  2.0037064  2.0112644
57   1.3402830  1.3402629  1.3166508  1.3135189
58   1.9485538  1.9484968  1.8541571  1.8000454
59   1.3041488  1.3041904  1.3819470  1.4352175
60   1.1516307  1.1516346  1.1717338  1.1969530
61   1.6919426  1.6919138  1.6557602  1.6472332
62   0.7149547  0.7150303  0.8556801  0.9515172
63   0.9483585  0.9484497  1.1153781  1.2266242
64   1.6583770  1.6582912  1.5170576  1.4379073
65   0.5172980  0.5173180  0.5637900  0.6039187
66   3.6352567  3.6351282  3.4216878  3.2994594
67   0.6443662  0.6444326  0.7694231  0.8560990
68   0.4383866  0.4383921  0.4583638  0.4811123
69   0.7924032  0.7924567  0.8955689  0.9691716
70   1.0829937  1.0830613  1.2095013  1.2964274
71   0.6192735  0.6193210  0.7105494  0.7756881
72   1.9992307  1.9991412  1.8476368  1.7578234
73   0.6627425  0.6627701  0.7210647  0.7674269
74   0.7535275  0.7535062  0.7266269  0.7202803
75   2.1136049  2.1136386  2.1833588  2.2373481
76   0.5759347  0.5759947  0.6889606  0.7675152
77   1.2046320  1.2045891  1.1369999  1.1021238
78   0.5646972  0.5647592  0.6810651  0.7615572
79   1.3716940  1.3717064  1.4017484  1.4283765
80   1.2124233  1.2124875  1.3342993  1.4196056
81   1.2368294  1.2368009  1.1997285  1.1895180
82   0.7659383  0.7660051  0.8912331  0.9776096
83   1.0023345  1.0023811  1.0933780  1.1595467
84   2.2868911  2.2867656  2.0775905  1.9572405
85   8.0708491  8.0706309  7.7051145  7.4938765
86   1.3813924  1.3813653  1.3422047  1.3259315
87   2.1553631  2.1553368  2.1130209  2.0896204
88   0.5452293  0.5452826  0.6479789  0.7212294
89   0.6098246  0.6098692  0.6988367  0.7650484
90   2.9487073  2.9486228  2.8086240  2.7280333
91   3.1952033  3.1950884  3.0084376  2.9065376
92   0.5786170  0.5786803  0.6973351  0.7792080
93   1.0586820  1.0586902  1.0846068  1.1122812
94   1.6338244  1.6337335  1.4847246  1.4017794
95   2.7349573  2.7348470  2.5478005  2.4366745
96   1.7123202  1.7122457  1.5913334  1.5253780
97   0.5322208  0.5322857  0.6544083  0.7391999
98   0.8942050  0.8942426  0.9711290  1.0299214
99   2.6050031  2.6048737  2.3880593  2.2614784
100  0.4216853  0.4217341  0.5166912  0.5854227
101  2.3100905  2.3100048  2.1749577  2.1055354
102  1.1326490  1.1327336  1.2875989  1.3910000
103  1.5504242  1.5503518  1.4368824  1.3794316
104  0.4830341  0.4830763  0.5671742  0.6295907
105  0.8164709  0.8164585  0.8063561  0.8114644
106  0.9334760  0.9335064  0.9978085  1.0491188
107  3.7072814  3.7071870  3.5575580  3.4796862
108  1.6609711  1.6609086  1.5659310  1.5211885
109  0.5217305  0.5217216  0.5178720  0.5272881
110  1.1018916  1.1018567  1.0530651  1.0352665
111  2.0660706  2.0661210  2.1658960  2.2393358
112  1.5549599  1.5550274  1.6821468  1.7700376
113  0.5053102  0.5053443  0.5755525  0.6295338
114  0.7400890  0.7401088  0.7859627  0.8259068
115  1.4200171  1.4200928  1.5617749  1.6593790
116  1.2025099  1.2026115  1.3871795  1.5091217
117  1.2819298  1.2819304  1.2965198  1.3186556
118  1.3598456  1.3598687  1.4112912  1.4544217
119  1.2899549  1.2900002  1.3804182  1.4476399
120  1.7853869  1.7853335  1.7060148  1.6709063
121  0.4988645  0.4989024  0.5749069  0.6318616
122  0.4538805  0.4539177  0.5279166  0.5830017
123  1.1748570  1.1749132  1.2813649  1.3557637
124  3.1156048  3.1156524  3.2118298  3.2845921
125  0.6970443  0.6971142  0.8276926  0.9173830
126  5.5971735  5.5969498  5.2157834  4.9881619
127  1.1174566  1.1175278  1.2494702  1.3391175
128  1.4234339  1.4234941  1.5383460  1.6195369
129  0.4653062  0.4653313  0.5194201  0.5632312
130  3.7241529  3.7239860  3.4399124  3.2703300
131  0.8195455  0.8196188  0.9560735  1.0493204
132  0.6308177  0.6308352  0.6734026  0.7116154
133  1.3357615  1.3357935  1.3973788  1.4412457
134  0.8730212  0.8729946  0.8391228  0.8306667
135  3.0753068  3.0752779  3.0377708  3.0279734
136  0.8164032  0.8164272  0.8704536  0.9160814
137  0.9539640  0.9540071  1.0386575  1.1004732
138  0.4815705  0.4815831  0.5146043  0.5461515
139  2.2109497  2.2108377  2.0259715  1.9216689
140  2.7494724  2.7493465  2.5372779  2.4123407
141  0.5887423  0.5887652  0.6395319  0.6816366
142  0.7965675  0.7966225  0.9013225  0.9749944
143  3.3759590  3.3758925  3.2636546  3.1973253
144  2.7853140  2.7852760  2.7255718  2.6938837
145  0.4475659  0.4475693  0.4637188  0.4841315
146  2.3244528  2.3243709  2.1924538  2.1222378
147 11.8566696 11.8563670 11.3482061 11.0532216
148  0.4343083  0.4343444  0.5070385  0.5617524
149  1.5247746  1.5246968  1.3977493  1.3276781
150  6.9294190  6.9292228  6.6071780  6.4269704
151  2.2427331  2.2426568  2.1239133  2.0645378
152  0.7185967  0.7185627  0.6711843  0.6537945
153  0.4636339  0.4636744  0.5445204  0.6048479
154  5.0100719  5.0098811  4.6846066  4.4897652
155  0.5377574  0.5378262  0.6663928  0.7546117
156  0.4095535  0.4095814  0.4687399  0.5156936
157  0.8442978  0.8443356  0.9209693  0.9791046
158  4.7326612  4.7325219  4.5036293  4.3763665
159  3.2974663  3.2973386  3.0883331  2.9726186
160  0.8914450  0.8914591  0.9276899  0.9616804
161  1.5996886  1.5996947  1.6229339  1.6496255
162  0.9473390  0.9473162  0.9183900  0.9114807
163  2.9611597  2.9611677  2.9859161  3.0122995
164  1.5542266  1.5543232  1.7312361  1.8493919
165  0.9264711  0.9265751  1.1157210  1.2406254
166  0.3716951  0.3716984  0.3889624  0.4109677
167  0.8863872  0.8863655  0.8602322  0.8559097
168 12.5678888 12.5675568 12.0011511 11.6624303
169  1.2345867  1.2345632  1.2018558  1.1896913
170  0.7480887  0.7481717  0.9009587  1.0038994
171  0.5230704  0.5230976  0.5803878  0.6259098
172  0.8802297  0.8802834  0.9845087  1.0597258
173  1.4318438  1.4318131  1.3922685  1.3814241
174  1.0294755  1.0294993  1.0819097  1.1253049
175  3.7262498  3.7262803  3.7935636  3.8491041
176  2.3693394  2.3692155  2.1638066  2.0468994
177  1.7130171  1.7129767  1.6464245  1.6084446

$x
    J_Penduduk    J_P_DBD J_M_DBD     IR_DBD   CFR_DBD J_P_DD J_M_DD       IR_DD CFR_DD J_P_N      X2017     X2018      X2019
1   0.14517717 0.20000000       0 0.42497904 0.0000000   0.13      0 0.194338788      0 0.125 0.00000000 0.0000000 0.03846154
2   0.54554899 0.53333333       0 0.32523051 0.0000000   0.54      0 0.231578947      0 0.000 0.25000000 0.0000000 0.00000000
3   0.44064414 0.00000000       0 0.00000000 0.0000000   0.16      0 0.083502875      0 0.000 0.50000000 0.5000000 0.11538462
4   0.35433071 0.20000000       0 0.18273261 0.0000000   0.15      0 0.096329058      0 0.000 0.25000000 0.3333333 0.00000000
5   0.05139983 0.00000000       0 0.00000000 0.0000000   0.01      0 0.036178682      0 0.000 0.00000000 0.0000000 0.03846154
6   0.26129156 0.33333333       0 0.40821459 0.0000000   0.05      0 0.043078284      0 0.000 0.25000000 0.0000000 0.03846154
7   0.30074366 0.26666667       0 0.28834870 0.0000000   0.33      0 0.250773994      0 0.125 0.25000000 0.1666667 0.23076923
8   0.16089786 0.06666667       0 0.13411567 0.0000000   0.05      0 0.070853605      0 0.000 0.00000000 0.0000000 0.00000000
9   0.09470691 0.20000000       0 0.61274099 0.0000000   0.14      0 0.301813357      0 0.000 0.08333333 0.0000000 0.15384615
10  0.14780184 0.00000000       0 0.00000000 0.0000000   0.25      0 0.367713401      0 0.375 0.08333333 0.0000000 0.00000000
11  0.09910871 0.00000000       0 0.00000000 0.0000000   0.02      0 0.042016807      0 0.000 0.08333333 0.0000000 0.00000000
12  0.43927712 0.20000000       0 0.14920369 0.0000000   0.29      0 0.152145069      0 0.125 0.16666667 0.3333333 0.11538462
13  0.22700678 0.06666667       0 0.09471920 0.0000000   0.21      0 0.209818664      0 0.250 0.16666667 0.0000000 0.07692308
14  0.34683946 0.33333333       0 0.31601006 0.0000000   0.16      0 0.106855374      0 0.000 0.75000000 0.0000000 0.07692308
15  0.09303915 0.00000000       0 0.00000000 0.0000000   0.05      0 0.111012826      0 0.250 0.00000000 0.1666667 0.00000000
16  0.05651247 0.06666667       1 0.30846605 1.0000000   0.04      0 0.130296329      0 0.125 0.00000000 0.0000000 0.00000000
17  0.21259843 0.00000000       0 0.00000000 0.0000000   0.03      0 0.032109686      0 0.000 0.16666667 0.1666667 0.07692308
18  0.39514983 0.00000000       0 0.00000000 0.0000000   0.04      0 0.023529412      0 0.125 0.16666667 0.0000000 0.03846154
         X2020  Strata_E Tnh_pek_bang_hlmn Tanah.Sawah Tanah.Kering        J_RT   J_Pdd_Lk   J_Pdd_Pr  J_Kep_Kel J_KBPaud
1   0.20000000 0.3333333       0.032936644 0.000000000 0.0344146852 0.104166667 0.14636793 0.14630131 0.15208333  0.03125
2   0.53333333 0.3333333       0.713078333 0.000000000 0.2416615104 0.343750000 0.56268649 0.55344910 0.59936594  0.40625
3   0.00000000 0.3333333       0.281701519 0.168461456 0.0669583665 0.312500000 0.45863397 0.43667357 0.43804348  0.21875
4   0.20000000 0.3333333       0.161451698 0.000000000 0.0351292024 0.256944444 0.36548581 0.35261006 0.35869565  0.37500
5   0.00000000 0.3333333       0.041761178 0.000000000 0.0077270986 0.069444444 0.04936798 0.05267909 0.06295290  0.09375
6   0.33333333 0.3333333       0.241525029 0.263375626 0.0544800966 0.173611111 0.26230131 0.26004992 0.26141304  0.03125
7   0.26666667 0.0000000       0.572227574 0.004904574 0.2558560948 0.170138889 0.30114469 0.30078063 0.32137681  0.37500
8   0.06666667 0.3333333       0.050274990 0.000000000 0.0183490969 0.149305556 0.14631368 0.15277999 0.17101449  0.06250
9   0.20000000 0.3333333       0.014790417 0.000000000 0.0010975574 0.010416667 0.09412467 0.09479051 0.09954710  0.12500
10  0.00000000 0.6666667       0.135350962 0.000000000 0.0329488199 0.003472222 0.14061737 0.14725718 0.16304348  0.09375
11  0.00000000 0.6666667       0.080477271 0.000000000 0.0172589057 0.003472222 0.09369066 0.09808295 0.11005435  0.03125
12  0.20000000 0.0000000       0.197557717 0.000000000 0.0577801349 0.493055556 0.44474584 0.44097499 0.43641304  0.50000
13  0.06666667 0.3333333       0.107075164 0.000000000 0.0260688294 0.187500000 0.21287908 0.21947852 0.24067029  0.18750
14  0.33333333 0.3333333       0.144361930 0.000000000 0.0479463154 0.204861111 0.33472576 0.33736923 0.36639493  0.15625
15  0.00000000 0.3333333       0.050585713 0.000000000 0.0116237956 0.107638889 0.09011013 0.10089746 0.11847826  0.18750
16  0.06666667 0.3333333       0.273684865 0.130120482 0.1669686791 0.048611111 0.06271361 0.05761776 0.06557971  0.12500
17  0.00000000 0.3333333       0.138147469 0.000000000 0.0391805887 0.222222222 0.19465090 0.20922946 0.24193841  0.18750
18  0.00000000 0.3333333       0.126339993 0.000000000 0.0334349863 0.260416667 0.40243042 0.41086506 0.44474638  0.31250
         J_SD J_MI J_SMP     J_MTS     J_SMA J_MA J_SMK     J_Siswa J_PT     J_Dosen       J_Mhs  RS RSB  Poli Puskesmas_RI
1   0.0000000 0.25   0.0 0.0000000 0.3333333  0.0  0.00 0.123982999  0.0 0.000000000 0.000000000 0.0   0 0.000            0
2   0.5555556 0.50   0.2 0.0000000 0.0000000  0.0  0.00 0.146326655  0.0 0.000000000 0.000000000 0.0   0 0.125            1
3   0.1111111 0.00   0.2 0.0000000 0.0000000  0.5  0.25 0.092774742  0.0 0.000000000 0.000000000 0.0   0 0.000            0
4   0.2222222 0.75   0.4 0.3333333 0.3333333  0.0  0.00 0.132483303  0.0 0.000000000 0.000000000 0.0   0 0.000            1
5   0.3333333 0.00   0.4 0.0000000 0.0000000  0.0  0.00 0.206071645  0.0 0.000000000 0.000000000 0.0   0 0.125            0
6   0.1111111 0.25   0.0 0.3333333 0.0000000  0.0  0.25 0.125075896  0.0 0.000000000 0.000000000 0.0   0 0.250            0
7   0.4444444 0.00   0.0 0.0000000 0.3333333  0.0  0.00 0.085124469  0.0 0.000000000 0.000000000 0.0   0 0.125            0
8   0.2222222 0.00   0.2 0.0000000 0.0000000  0.5  0.00 0.141226472  0.4 0.011399909 0.012360459 1.0   0 0.250            0
9   0.0000000 0.00   0.0 0.0000000 0.0000000  0.0  0.00 0.022829387  1.0 0.202006384 0.248859408 0.0   0 0.000            0
10  0.2222222 0.00   0.0 0.0000000 0.0000000  0.0  0.25 0.060230723  0.8 0.111719106 0.148276978 0.0   0 0.250            0
11  0.1111111 0.00   0.0 0.0000000 0.0000000  0.0  0.00 0.043837280  0.0 0.000000000 0.000000000 0.0   0 0.000            0
